000000
0000
01012011
00000
007007
0987654321
010203
098765
00000000
01011980
01011
01012000
010101
01011990
0123456789
01012010
012345
090909
0.0.000
0007
0000000
01012001
0000000000
01011991
000007
01011985
01011970
01011981
01011986
0.0.0.000
000001
050505
01011989
020202
0420
01011988
030303
01011987
01011984
070707
03082006
02071986
0123
01011910
080808
01091989
01011992
02071982
01234567
01011975
0987
01011993
02091987
02021987
02081988
02051986
02041986
02011985
01011977
02101985
02031986
02021988
02061985
02011987
02091986
02021986
01011983
000111
02081987
02081984
02061986
02021984
01011982
02031984
02021985
02081989
02011986
01020304
01011999
02061989
02041984
02021983
02051983
02041983
02031987
02021989
02081986
02041988
02041987
02041982
02011988
09876543
02101984
02081985
02071984
02011980
010180
01011979
02021982
02061988
02031985
02081982
02051982
02061980
02031982
02011984
02091983
02061987
01081989
05051987
02101989
02101987
02071987
02071980
02041985
02091984
02091981
02091980
02061983
02041981
01011900
05051985
02081977
02071988
02051988
02051987
02041979
08031986
060606
02061984
02061982
02051989
02051984
02031981
06061986
02091985
02021981
02021979
01031988
02101986
02081983
02041989
02011989
01011978
03041991
02071981
02031979
02021976
01061990
01011960
07071987
02091989
02071989
02071983
02021973
02011981
01121986
01071986
0101
02101988
02081980
02021990
01091987
01041985
01011995
09051945
08121986
04041991
03041986
02101983
02101981
02031989
02031980
01121988
08051990
05051989
04041988
02051980
02051976
02041980
02031977
02011983
01061986
01041988
01011994
0000007
08081988
08031985
03031986
02101979
02071979
02071978
02051985
02051978
02051973
02041975
02041974
02031988
02011982
01031989
01011974
07091990
02051981
01031985
01021990
09021988
05061990
02051972
02041978
02031983
01091985
01031984
010191
01012009
08081986
07071990
07071977
05071984
04041983
03021986
02091988
02081976
02051977
02031978
01071987
01041987
01011976
09041987
09031988
06041988
05071988
03081989
02071985
02071975
0123456
01051989
01041992
01041990
0815
06081987
06021987
04041990
02081981
02061977
02041977
02031975
01121987
01061988
01031986
01021989
01021988
09021989
07051990
06051986
05091988
05081988
04061986
04041985
03041980
02101976
02071976
02061976
02011975
01031983
08071987
08061987
05061986
04061991
03111987
03071987
02091976
02081979
02041976
02031973
02021991
02021980
02021971
09090909
08051987
08041986
05051990
04081987
04051988
03061987
03031993
03031988
02101980
02101977
02091977
02091975
02061979
02051975
01081990
01061987
01011971
0911
07091982
07081986
06061987
06041987
06031983
04091986
03071986
03051987
03051986
03031990
03011987
02101978
02091973
02081974
02071977
02071971
0192837465
01051988
01051986
01011973
06071983
05021988
03041987
02091982
02091971
02061974
02051990
02051979
02011990
01051990
010390
01021985
09091986
09081988
09051986
08071988
08011986
07101987
07071985
0660
06061985
06011988
05031991
05021987
04061984
04051985
02101973
02061981
02061972
02041973
02011979
01101987
01051985
01021987
09111987
09081985
08121987
08111984
08101986
08051989
07091988
07081987
07071988
07071984
07071982
07051987
06031992
05111986
05051991
05031990
05011987
04111988
04061987
04041987
040404
02081973
02061978
02031991
02031990
02011976
01071984
01041980
01021992
09091988
09051987
09041986
08081990
08081989
08021990
07101984
07071989
07041987
07031989
07021991
06061981
06021986
05121990
05061988
05031987
04071988
04071986
04041986
03101991
03091983
03051988
03041983
03031992
02081970
02061971
02051970
02041972
02031974
02021978
0202
02011977
01121990
01091992
01081992
01081985
01011972
007bond
09041985
09031987
08041985
08031987
07061988
07041989
07021980
06011982
05121988
05061989
05051986
04031991
03071985
03061986
03061985
03031987
03031984
03011991
02111987
02061990
02011971
01091988
01071990
01061983
01051980
01022010
000777
000123
09051984
08071985
07081984
07041988
06101989
06061988
06041984
05091987
05081992
05081986
05071985
05041985
04111991
04071987
04021990
03091988
03061988
03041989
03041984
03031991
02091978
01071988
01061992
01041993
01041983
01031981
0069
09876
09101985
09051990
09011990
08111983
08071986
08061986
08031988
08021989
07021987
06091989
06081988
06081986
06071984
06061990
06051987
06031986
06021989
05101984
05061983
05041986
04081985
04061990
04061988
04051987
04021985
04011990
03121986
03101985
03061984
02081975
02031970
02021977
01051987
01041989
01031980
01010101
09061990
09041990
09011987
08081983
08081979
08031992
08021985
08011988
07111987
07061986
07041985
07031986
07021989
06111990
06111986
06081990
06071990
06071986
06051983
05081989
05081987
05071986
05071983
05051993
05051982
05041991
05041990
05041983
04121985
04111989
04031982
04021987
03111986
03071984
03051985
03021987
03011986
02101975
02061973
02021992
02011978
01092010
01091986
01041986
01031991
0001
09051983
09031991
08091988
08081985
08031991
07031988
07031985
07011989
06111984
06071988
06071985
06031988
06031984
05121985
05121983
05101986
05061987
05051988
05051980
05021989
04121987
04121986
04051990
03101983
03081984
03021982
02101982
02101974
02091979
02091974
02071991
02071974
02021974
01111990
01091984
01071989
01061985
01041981
01041979
010181
01011950
09121983
09011991
08061989
08041988
07081989
07071986
07071980
07041986
07021990
06101991
06081985
06071987
06031989
05101983
05071991
05071990
05011990
04111986
04081989
04051983
04041984
04011988
04011987
03101989
03101988
03091991
03081990
03081988
03071989
03061989
03051993
03041990
03031989
0303
03021989
03011984
02111989
02081990
02081972
02081971
02061992
02061975
01081980
01071985
01061984
01051983
01021986
01021980
09101986
09071990
09071984
09061989
09051985
09011985
08061990
08041989
07101985
07091985
07031991
07021986
07011988
06101986
06061989
06061982
06051989
06031985
06011987
05051992
05051983
05031988
05031986
04121988
04121984
04071983
04051984
04041995
04041989
04031990
03091986
03031983
02061970
02051974
01111987
01081988
01071980
01031987
01011961
000666
000000000
09121987
09071987
09071986
09051988
09041988
08101989
08061988
08031983
07121987
07081982
07061990
07051989
07051988
06121988
06111985
06091987
06051990
06041989
05121986
05071989
05061985
05041984
05021991
05021985
05011988
04121982
04091991
04091987
04081986
04021988
03101984
03091984
03081992
03071983
03061992
03051989
02121990
02121983
02041970
02031993
02011974
01101985
010989
01081991
01071983
01041982
01031990
01021991
000999
09121985
09121982
0909
09071988
09061991
09051981
09031990
08101987
08101980
08061992
08061985
08021991
07101989
07091987
07081992
07061985
07041990
07041983
07021984
06101987
06101985
06091991
06061983
06051985
06021988
05111992
05091985
05081985
05031989
04111992
04061982
04051989
03121985
03091987
03081987
03071992
03071990
03051984
02091972
02081978
02041991
02041990
02031995
02031976
02021993
02021975
01121985
01121984
01101990
01091980
01091979
01081986
01071991
01061979
010190
010170
09101988
09091991
09091987
09071991
09061986
08121989
08091989
08081992
08071983
08061984
08021988
08011987
07081983
07051992
06121982
06071989
06051988
06041990
06021984
06021983
06011991
06011986
05121989
05111982
05031984
05021993
04111987
04101988
04091985
03091990
03051981
03051979
03041988
03041985
03031994
03021990
03011990
03011985
02121988
02121986
02121981
02091990
02041971
02031972
02031971
02022009
01121989
01101986
01081984
01061989
01041991
01041984
01020
001122
0o9i8u7y
09111988
09111983
09101984
09091985
09081986
09081984
09031992
09021987
08111987
08081984
08051983
08041992
08041990
08031989
08031980
07121984
07111982
07101983
07081985
07071994
07061991
07051986
07011980
06081991
06081983
06031987
06011984
05071987
05031992
05031981
05011989
04101992
04081992
04081982
04081978
04071985
04051986
04041992
04041982
04031984
04011986
0311
03081985
03071980
03061991
03061990
03021992
03011992
02121985
02101972
02101970
02051971
02041992
02031992
02022010
02021972
01121980
01091990
01051992
010185
01011996
0987654321q
09121989
09111985
09091989
09081990
09071985
09031989
09031986
09031981
09021990
09021986
08121983
08111986
08071990
08041982
08041980
08031993
08021992
07121992
07111986
07091984
07091983
07081990
07081981
07071992
07051985
07041984
06021981
05111991
05111989
05111984
05061984
05061981
05061980
05041989
05041988
04101984
04101980
04091990
04081983
04061985
04031989
03121990
03051991
03031982
03021993
02111990
02111985
02081991
02071973
02011972
01111989
01111984
01101989
01061982
01031982
01021994
01021984
09101991
09091990
09071981
09061988
09061983
08091987
08091986
08091985
08081981
08071984
08071982
08051992
08041984
08021984
08011989
07101988
07101986
07091989
07051984
07041980
07021988
07011985
06091985
06081989
06071982
06051991
06021992
06011989
05121984
05111983
05101990
05101989
05081991
05011985
05011984
04101989
04101986
04101977
04071982
04061980
0404
04011989
03121987
03111984
03101979
03081983
03051990
03031981
03021984
03021979
02121992
02101990
02091991
02071972
02071970
02051991
02011973
01101984
01101979
01081987
01081982
01071978
01051993
01051984
01021995
01011998
09091984
09061987
09051991
09051989
09051975
09041991
09031985
08121985
08121984
08121982
08101985
08091984
08081982
08061983
08031990
07121988
07111985
07101990
07091986
07011986
06121989
06121986
06081992
06081984
06081979
06041986
05111985
05091992
05091991
05081983
05081981
05081977
05061982
05051984
05011992
04101991
04091989
04071989
04061993
04031994
04031985
03101990
03101986
03081993
03081991
03061982
03051982
03051980
03011989
02101971
02091993
02091970
02071990
012345678
01111988
01101982
01081978
01071981
01051979
01042000
01012006
01011967
010100
00001111
09121992
09101982
09091979
09081989
09061984
09051978
09041982
09021991
09021985
08101984
08091981
08081991
08071991
08051986
08051985
08051984
08031982
08031977
08021986
07121985
07071983
07041979
07031984
07021985
06121987
06111982
06061991
06061984
06041991
06011990
05111990
05101987
05051981
05031983
05021990
04111990
04111985
04101990
04071990
03111992
03091982
03071991
03071978
03061983
03021988
03011988
02081994
02041993
02021994
02021970
01121982
01111983
01101991
01061991
01031992
01031976
01021983
01011966
01011965
0987654
09091982
09081987
09061981
09041984
09021982
09011992
09011989
09011980
08111991
08111990
08041981
08011980
07121983
07081980
07071993
07071978
07061984
07041982
07041981
07011987
07011982
06121991
06121985
06111987
06111983
06091990
06091988
05101988
05091984
05061991
05041987
05021981
05011983
04121989
04101985
04091979
04071992
04071984
04051982
04021986
04021984
04021982
03081980
03081979
03061977
03041992
03021978
02121989
02121980
02111986
01101980
01061993
01051974
01031993
01011968
09101980
09081982
09071982
09041989
09021993
09021984
08121988
08091982
08081976
08021980
08011990
08011983
07121989
07111984
07071976
070462
07021993
07021983
06111989
06091984
06071991
06061980
06021985
05101982
05081979
05071981
05071977
05021980
04081991
04081984
04081981
04061994
04061989
04051980
04021981
03081982
03071982
03041975
03031985
03021985
03011983
02061993
01234
01121979
01111986
01101988
01091983
01081983
01071982
01031978
007700
0000000000o
09121990
09121986
09091980
09011988
09011984
08121981
08091992
08071992
08071979
08061981
08011984
07111989
07081991
07081988
07081978
07061982
07051993
07051981
07031987
07011992
07011983
0666
06121983
06101988
06101982
06051992
06041980
06031990
06021982
06011985
05121991
05091986
05051975
05041992
05041982
05041981
04111982
04071977
04061981
04051991
04051981
04041993
04041981
04041979
04021992
04011992
04011991
04011985
04011980
03121983
03121982
03111989
03101981
03091985
03091980
03061979
02111984
02111983
02111982
02011992
02011970
01121975
01111991
01111982
01101983
01091991
01081981
01081975
01061981
01051991
01031994
01011958
09121984
09111986
09111984
09101979
09091981
09061992
09061982
09031983
09021992
09021979
09011986
08101990
08101983
08091991
08091990
08081987
08031978
08011991
07121977
07111992
070787
070784
07071991
07061987
07051991
07031990
07021982
07021981
07011981
06091983
06091982
06081982
06081981
06071976
06061978
06031993
06031981
06021980
06021979
05121979
05111988
05111987
05101981
05081984
05031993
05031980
05011986
04121983
04041994
04041980
04031993
04031992
04031983
04031980
04021983
03121989
03111980
03051983
03021981
02121991
02111988
02101991
01121978
01071994
01021982
01021981
01021976
01011964
0077
09121988
09101987
09061993
09061985
09051992
09051982
09051980
09041993
09031984
08101993
08101991
08071981
08061993
08061980
08051978
08041991
08021981
08011993
07071981
07051979
07041993
07041991
07031980
07011984
06121993
06101984
06051981
06051976
06041983
05121987
05071992
05061992
05021979
04051992
03111982
03101987
03071988
03041979
03041977
03031980
03021983
02111991
02021996
02021995
02011991
01230123
01121983
01101993
01061994
01061980
01031979
000069
09121976
09111990
09101981
09081991
09081978
09041980
09041975
09011982
088011
085tzzqi
08121992
08111980
08091979
08081974
08021993
07111981
07091980
070788
07071979
07061989
07061977
07051983
07041978
07021978
07011990
063dyjuy
06111988
06081978
06051982
06031995
06021990
06011992
06011976
05091989
05091983
05081982
05071979
05061993
05051994
05031982
05011980
04101987
04081990
04071979
04061976
04041977
04031986
04021989
04011982
03121979
03111985
03101992
03081986
02121987
02121984
020986
02071992
01478520
01101978
01071979
01051982
01051981
01021993
0102030405
09071975
09051979
09041983
09031993
09021983
09011983
08121990
080880
08081980
0808
08051991
08041987
08031976
08021982
08011992
08011985
07121981
07111990
07111988
07091994
07091977
07081975
070782
07061983
07031981
061290
060686
06051980
06041993
06011995
06011994
06011983
05121980
05101993
05101985
05101979
05081980
050584
05041977
05021986
0428
04111984
04091982
04071994
04061992
04051976
04051975
04031981
04031977
04021980
0320
03121977
03111983
03101980
0310
0308
030778
03041993
03041982
0302
03011980
02091992
020383
02032009
01121981
01111981
01101981
01092011
01081979
01061977
01051977
01051976
01051970
01012005
09121981
09111982
09101992
09081981
09061980
09061977
09051973
08520852
08111978
0811
080885
08081978
08071993
08051982
08011974
07121990
07111980
07101994
07091991
070780
0707
07061992
07031995
07031982
0690
06121984
06121981
06111992
06101992
06091980
06091979
06071981
060690
06061992
06051994
06041985
06041981
06031994
06011981
05121993
0512
05111981
05091990
05071980
05071971
05041995
05041979
05031994
05021992
05021983
05021982
04121978
04101994
04081976
04071991
04031987
04021994
04021977
04011983
031290
03121981
03091993
03091989
030889
03071979
03061995
03061980
03032009
03031976
03021991
03021980
03011993
02121979
0212
02111981
0211
020689
02061994
02061991
02022008
01111980
01111979
01071993
01061978
01061975
01021996
010188
010187
01011969
01011963
01011955
0011
0o9i8u
098098
09111992
09101990
09091977
09081983
09071980
09061978
09031980
08101988
080886
08061991
08061982
08051980
08021983
07121986
07101991
07101979
07091992
07091979
07061981
070273
06121992
06101994
06091995
06091981
06081980
06071977
06061975
06051984
06041992
06041982
06031982
05121981
05091979
05091977
05071982
05071978
05051995
05041993
05031985
05021984
05011976
04200420
04121990
04101982
04081993
04061983
04051995
04041974
03121991
03111988
03071977
03051977
030389
03031979
03021994
03011995
02121993
02081995
02071993
02061995
01121991
01111985
01101992
01092000
01081993
01071992
0107
010486
010485
01041994
01041976
0103
01011962
01011957
000
091286
09121991
09121980
0912
090988
09091992
09091983
09081979
090807
09041992
09041976
09021981
08121980
08111977
080888
08081977
08071975
08031979
0721
07101981
07101962
07081979
070786
07051982
07041992
07031992
07021992
06121978
061172
06101977
06091986
06081976
060689
06061974
06021993
05101992
05071994
05061979
050585
05041980
05021978
05011982
04111983
04111980
04101983
04091992
040881
04031988
04031975
04021991
04011984
03121988
03061993
03041976
030383
03031995
03031978
0220
0214
02111993
02051994
02051993
0126
01121992
01111978
01111977
01101975
010985
01091993
01041977
01022011
01021975
0102
010183
01012008
090784
09071993
09071976
09061979
09061975
09061972
09051977
09031982
08154711
08111989
08111979
08101982
08091977
080889
08071980
08061977
08051988
08051977
08041993
08041977
08031984
08031973
08021987
08021976
08011981
07121980
07111983
07111978
0711
07051977
07031996
07031983
07011994
06121990
06111993
0611
06101993
06101990
06101983
06101978
06091992
06091976
06081977
06071979
06061977
06051975
06031980
06021991
05121978
0510
05091982
05091981
05081993
05081990
050786
050586
05011991
05011979
04091988
04091984
04091983
04091978
04081988
04081980
040786
04061975
0321
0317
03121993
03121992
03091995
03091994
030883
03081981
03081977
03081975
03051992
021286
021285
02121982
02121977
02111980
02111978
02101992
02081992
02051996
014789
013579
01121994
01091995
01091981
01071976
010688
01051975
010488
0104
010389
01031977
01021979
01021974
010184
010176
01011959
001100
0wnsyo0
09121977
09101989
090989
09091993
09081992
09081980
09071994
09071989
090587
09041981
09041978
09031976
09021978
08091993
08091983
08071989
08061978
08041978
08041976
080386
08031975
08021973
07121991
07121982
07121979
07111993
07091981
07021974
07011993
07011991
06111991
06111980
06101979
06071978
06061979
06051995
06041978
06031977
0602
05111980
05091994
050888
05061973
050583
05051978
05021996
04121991
04121981
0412
04101981
04101979
040985
04091993
04091980
04051978
040486
04041975
04031996
04021993
03101994
03101993
03101978
03081978
03071981
03051974
03021977
03011981
02121978
02111977
020890
02081993
02071996
02051995
020288
01111976
01091970
01081994
01061974
01061973
010490
01041978
01031996
01031995
01021978
01021970
010171
000000a
09121974
09111981
09111972
090978
09091974
09071983
08091976
08071994
08031995
08031994
08031971
08031970
08021995
08021978
071182
07111991
07111979
07101995
0708
07061980
07061976
07051978
07041976
07041975
07031978
06111975
06101980
060990
060882
06081993
060782
06071992
06051993
06051978
06041976
06031974
06011993
05111978
05091993
05091980
05081978
05061978
050580
05051976
050387
05031974
05011996
05011995
05011977
04111993
04091981
04071996
04071974
04041978
04011993
0401
0315
03121984
0312
03111991
03111978
03101975
03101974
03081994
03071993
030688
03061994
030478
03041994
03041981
030393
03011978
02121994
020990
020791
020686
0205
02041995
020384
02031994
02011995
01121973
01111992
010988
010586
01041997
01041968
010285
01021973
010175
010169
0918
09121993
09101993
09101983
09091976
09061973
09041979
09021976
0812
08111992
08101981
08101977
08091980
080884
08071995
08071978
08051993
08051971
08041983
08031981
08021994
08011982
071289
07121994
0712
07101978
070988
07081977
070809
070783
070584
07041973
07031993
07031979
07021995
07021994
061288
06121979
06111981
06091993
06071975
06051977
06051974
06041979
06031991
06031975
06021975
051190
05111979
05091978
05081975
050588
05051996
0505
05031996
05021994
05021976
04111981
04081979
04071980
04061977
040588
04051994
04051973
040484
04021979
031286
03121994
03121978
03111981
03101977
03091992
030584
03041995
03011982
02121975
021089
02051992
020284
0187
01121976
01091982
010878
01051978
01041974
010384
01032000
01031974
01031972
01021977
010189
010186
010174
010160
007007007
00112233
000006
09121975
09111991
09111989
09111980
09111979
09091996
09081994
09081977
09061994
09051994
09031978
09011993
09011979
08522580
08121977
08111985
08111982
08091972
080883
08081995
08081994
08061979
08061976
08051996
08051979
0803
07831505
07121978
07091995
070777
07071995
07061995
07051976
070483
07021979
07021977
07011979
0626
06111978
06061994
06041995
06011979
06011978
05101978
050989
05081994
05081976
05071976
050689
050686
05051971
05041972
05011993
0424
04121992
04121979
04121977
041090
04091976
040888
04081974
04071981
040583
04011977
04011974
03121980
03071996
03071995
03071974
030690
03061981
03051994
03051975
03031996
03031974
03031971
03021976
03011979
03011976
0223
021978
021189
021187
02111992
02111979
020782
020388
0203
020292
020282
02011993
0147896325
013cpfza
01101974
01081977
010787
010687
010589
01051995
01051994
010482
010388
010385
01031975
010179
010178
01011956
009900
007james
09101978
0910
090983
09081993
09081972
09071979
090545
09051976
090481
09031979
09021980
09011996
09011978
081289
08121978
08111981
08101992
080995
08091978
08081973
08071972
08051994
08041994
08041979
07101982
07091976
07091973
07091970
07081976
07081974
07081973
070781
07071975
07061994
07041977
07031974
070291
070284
07011978
061087
06091977
06081975
06071993
060691
06041975
0521
051284
051281
05101975
050986
05071993
05061994
05051977
05041976
05021974
0423
04121980
041187
04111972
0411
0410
04091995
04081994
04081977
04071993
04071976
04061996
04061978
04061973
040586
040585
04051971
04011973
0331
0325
0324
0316
03111979
031078
03091979
03081974
030783
0307
030685
030680
030674
03061978
03031977
03031973
03021970
0224
021287
02101993
0210
020786
020286
020285
019283
0154
0147
012007
011284
011281
01111975
011080
01091978
01091977
01091976
010885
01081966
0108
01071975
01071974
010690
010680
010484
01022000
01021999
010203040506
01012007
0024
001001
09111994
09111993
09111976
09091994
09091975
09071995
09071992
09051971
09041994
09021977
09011981
08121991
08121975
08111988
08101979
0810
08091994
08081996
08081972
080785
08041974
08031966
0729
07111976
071085
07101974
07081993
07071997
07061975
070588
07041972
07041971
07031975
070289
07011977
07011975
06121980
06111976
061089
06101976
06091975
060789
06071980
06071973
06061995
06031972
06021996
06021994
06021976
06011980
06011972
05101995
050985
05091995
05091976
050879
05081972
050788
05071995
050690
05061975
05051997
05031979
05031976
050290
05021970
05011997
05011978
0425
0417
041287
04111994
04101978
04081975
040784
040782
04071975
040580
040578
04051974
04031978
04031970
04021978
04011996
031282
03111993
03111990
03101976
03091981
03071994
03071973
030588
03051976
03051971
030481
03041978
03041972
030388
03031975
03021995
021282
02121976
02111995
021087
020886
020885
020883
02071994
020590
02041997
02041962
0204
020280
02012010
01121977
010983
01092007
01091974
01091973
01091965
010879
01081995
01081974
01081972
010689
010483
01041972
01041971
010284
01021960
010192
009988
091281
09091978
090890
09081996
09081976
09081975
09081974
090787
090684
09061974
09041974
090383
08121979
08121973
081086
08101978
08101976
08101974
080988
08082008
08071977
080688
080687
080585
08051981
08041975
080380
08011979
071284
07121993
07121976
071186
07111975
07111973
07111972
07101993
07101976
07091993
07072007
070690
070682
070189
07011976
06121995
06121974
06101995
06091994
06091974
060888
060885
06061996
06061993
06061976
06051979
060485
06031978
06031973
06011974
05121982
05121977
05121976
051183
05111977
051084
05101991
05101972
05081974
050683
0506
05041996
05041975
0504
05031995
05031978
05021977
05011994
04121994
041179
04111974
041089
04101993
040989
04091994
040890
040783
040780
04071978
04061995
04051979
040485
040482
040480
04031997
04031995
04021973
040188
04011975
031184
03111994
03091978
03091976
030877
030786
03051973
030385
03021974
021290
02121974
021184
021181
021084
021065
02091994
020784
0206
020484
02032010
02022011
0201
011286
0112
01111993
01101977
01092008
01071977
01041973
010195
010177
010172
010168
0070
0044
098123
0916
09121971
091083
09101996
09101975
09091973
09091972
090909t
090887
09081971
09061995
09061971
09051972
09041977
09031977
081285
081281
081090
080890
08081975
08061994
08051976
0805
08011998
08011994
08011973
07121972
071181
07111996
0710
07081972
07081963
070688
07061979
07061978
07061973
07061972
07051994
07041994
07031994
07031973
0624
0623
061286
061282
06121976
06121975
06111994
061079
06071995
060692
060688
060684
06061969
0606
060482
060479
06041977
06021978
06021977
05121992
0511
05101994
05101977
05101976
05091996
0509
050891
050880
050589
050370
05031998
050283
050183
05011975
043aaa
041083
04101971
04071995
0407
040686
04051993
04031976
0330
0323
031285
03111976
03111974
03111971
031081
03101996
030982
03091977
030894
03081970
030784
03071976
030689
03051968
030487
03041998
03041973
030394
03032008
021288
021190
02111976
021088
021086
021083
021078
02101994
020884
020783
020687
020587
020379
02032008
020290
020274
02011994
01121993
011089
011086
01101976
0110
010990
01092006
01092005
010890
010883
010788
010786
01071996
010683
01061995
01061971
010584
01051967
01051965
01041998
01041970
01031970
01031966
010290
010280
01021998
01021972
010182
010173
01011997
00133
098890
09121970
09111977
091089
09101995
090981
090979
09091999
09081997
090792
090785
09071996
09071974
090688
090593
090580
09041972
09031972
090284
09021994
09021973
09021971
09021970
090185
0818
081089
0809
080892
080887
08051998
08041996
08041995
07121975
071087
07101992
07101980
07101975
070990
070987
070984
070889
070884
07071972
07051980
07041969
0704
070384
07021976
07021975
07011998
07011974
0665
0616
06121994
0612
061194
06111979
061082
06101973
060984
060892
060879
060775
06071996
06061973
06051997
060490
06041974
06041970
060283
06011977
051283
05121972
051184
05111993
050988
050883
050782
050684
050680
05051979
05041994
050389
05021997
05021975
05021971
0502
05011974
05011973
0416
041292
04121975
04111995
04111979
04111978
041082
040790
04071972
040680
040582
04051997
04051977
040487
040483
04041973
04031979
040290
04011981
0319
0313
031284
03121975
03121973
03121972
031183
03101982
030985
030981
03091973
030886
03081972
030791
030782
030687
03061996
03061975
03061973
03051978
03051972
03051970
030490
03041969
030382
030375
030373
03011997
0301
02121996
02121973
02091995
020888
020789
020780
02071969
020679
020583
020485
02041996
02041994
020189
02011964
0137485
01121972
01101995
01101973
010984
01091994
01081973
01081970
010684
01062000
01061976
01061970
010581
01051969
010493
010492
010489
010480
01041975
010292
01021969
01021964
010166
01010
00096462
00007
0000001
0raziel0
098765432
091187
090885
09081973
09071978
09061969
090388
09031995
09021997
09021995
09021968
090184
09011994
09011976
0831
0828
0823
0822
0817
08121994
08111993
08101995
08101972
080979
08091995
080879
08081993
08081969
080783
08071996
08071973
08071971
080583
08051995
08051975
08041971
080391
080387
08021974
08021967
071282
071187
071178
071088
071076
07101977
07101972
070983
07091972
070888
070883
07081997
07081996
07081995
07081994
070590
070589
07051974
07041974
070383
06121977
061092
061088
06091978
060891
060786
06071994
06071971
060687
06061970
060391
06031979
060287
060285
06021995
060189
060179
06011975
0520
0515
051289
05121975
05111976
05101980
050886
050881
0508
05071973
050688
05061977
050590
05052000
05041997
05041978
05041974
05031997
05021973
050186
041280
041178
041087
041085
04101974
040983
04091977
040892
040889
040884
040879
04081995
040789
040787
040681
04061997
04061971
040488
040476
04041996
04041976
04031998
0403
040285
04021976
04011978
0322
0314
031291
031287
03121976
031085
03101973
03101971
030882
03081973
030785
030686
030679
030482
030479
03041974
030392
03031972
030289
030189
030185
03011977
03011972
021284
021191
02101995
020973
020877
020788
020787
02071997
0207
020691
020677
020486
020283
02022000
02012011
02011997
0120
01121971
01111994
010980
01091972
0109
01081963
01072000
010679
01041995
01041961
010289
01021971
01012012
0013
000420
000333
09877890
0929
0927
091292
091284
091282
09121973
09121969
091185
091080
09101976
09101972
090990
090980
090808qwe
09061976
090589
090586
090583
09051995
09051993
0905
090393
090386
09031994
090288
081288
08121993
08121974
08111976
081087
08091996
08091974
080787
080786
08061975
08061974
08061973
08051974
080480
0804
080381
08031972
080283
08011995
08011977
0801
0723
071290
07111977
07111974
07091974
070890
070878
07082000
070797
070775
07071974
07071973
07031977
07011995
061294
06111972
06101967
060987
060977
060897
060886
06081997
06081995
060693
06061997
060481
06041972
060390
060387
06031976
06021974
06021971
060191
051285
051188
051186
05111975
05111974
05111973
051083
051081
05101974
05101971
05091974
05091973
05091970
05081995
05081973
050783
05071975
05071972
0507
05061998
05061996
05061995
05061976
050591
050581
050575
050477
05041970
05031977
050278
05011981
05011965
04975756
041281
041189
041188
04101976
04101973
040980
040979
0409
04081998
040791
04071973
040687
04061979
04061974
040591
040590
040584
040579
04051996
040492
04041970
04041969
040288
040180
04011979
04011976
04011972
031180
031086
03091974
0309
030881
03081995
03081976
030790
030789
030590
030587
030586
030577
03051995
030484
030390
030386
030384
03031997
03031970
030273
03021973
03011994
03011974
021188
021179
020988
02061965
020589
020586
020585
020581
020580
02051969
020490
020483
020482
020481
020387
02032007
02031997
02031996
020275
020187
0128
011288
011287
01121995
01121970
011189
01111995
01101994
01101971
01101968
010982
010979
01091996
01091975
01091966
010790
010785
01071971
010576
010574
01051971
01051963
01051960
010475
01041960
010386
01031971
01022009
01020102
010199
010163
010150
01011951
000555
0003
0okm9ijn
0928
091283
091277
09111978
091088
091084
09101969
09091970
09081995
090790
09071972
090687
090686
090578
090487
09041996
0903
09021972
0902
09011997
0813
081284
081280
08101994
080986
080898
08081971
08061996
080590
080578
08051972
080484
08041972
080388
08031996
08031974
08031963
08021977
08021975
08021970
0722
071287
071188
07111995
071086
07101973
07091978
070882
070881
07081969
070779
07051997
07051995
07051975
07051961
070492
070487
070486
070385
07031997
07031976
070290
06225930
0614
061293
061291
061285
06111977
06111970
061086
061077
06101981
060981
06091969
06081998
060787
060785
060779
06071974
060666
06061971
06061966
060590
060588
060388
060288
060183
06011973
0587
0518
051290
051282
051272
05121994
05121974
05111995
05111970
05101996
050983
050884
05081997
05081967
050790
050787
050781
05071996
050687
050587
050577
05051970
050487
050478
05031973
05031972
050285
050282
0429
04121970
04111975
041092
041076
04091972
040880
04081973
04081967
040689
04061998
04051972
040474
04041972
040388
040382
04031974
04031972
04021999
04021975
040182
04011994
0326
0318
031187
03111972
031084
031080
03101970
030986
03091997
03091972
03091971
030891
030887
030872
03081971
030792
030681
03061974
030585
030486
030485
030483
030387
030380
030379
03031963
03021975
030201
030191
030188
030184
03011996
03011960
0291
0225
02121997
021183
021182
02111994
021085
02091968
0209
02081996
020785
020690
020685
020681
02061996
020496
020488
020487
020392
02032000
02031967
020289
020278
020276
02021998
011290
011289
011180
01111971
01111969
011085
011083
010987
01092009
010889
010887
01081998
01081976
010783
01071963
010694
010691
010681
01061996
01061972
010591
010590
010585
01051973
010491
01041999
010391
01032011
01032010
01032009
010277
01021997
010165
010161
01012004
01011954
01011952
01011901
0071
006969
00197400
00001
0range
0p9o8i7u
0930
0923
0917
091289
091287
09121994
09121978
09111975
091091
091087
090974
090881
09071977
0907
090681
090588
090584
090575
09051974
09051969
090490
090384
09031996
09021996
09021974
09011974
09011973
081283
08121995
08121971
081177
08111975
08111973
081080
08101973
08101970
08091975
08071997
08071976
08071968
08061970
080581
080571
080287
08021979
080185
08011975
0776
0719
071286
071285
071281
07121995
07121973
071185
071179
071083
070982
070980
07091999
07091975
07091971
0709
070793
070789
07071967
070687
070683
0706
070580
070489
070389
070288
070286
070285
07011972
0701
06121973
061191
061187
061180
06111973
061083
061081
06101974
060989
060985
060979
06091996
060890
060887
060877
06081994
06081974
060795
06071970
060696
060683
060676
060644
06061998
06060
060581
06051973
060492
06041994
06041973
060384
06031996
06021973
06021968
060186
060184
0531
051291
051278
05121995
051182
051178
051077
050979
05091975
050877
050789
050685
050676
05061972
050595
050572
050490
050483
05031975
05031971
050297
05021999
05021995
05021972
050187
05011998
0501
0426
0421
0418
041283
04121997
041190
041185
041183
04111976
041086
040975
04091973
04081972
04081970
0408
040788
040781
04071971
04071970
040690
04061970
04051970
0405
040479
040478
040477
04041998
04041997
040391
04021969
040171
0327
03121971
031188
03111995
031088
031082
030983
030977
030885
030879
03081997
030788
030781
030780
030779
03071998
03061997
03061972
030594
030581
030579
03041971
03031966
030290
030286
03021997
03011975
03011969
0227
0222
0221
0219
0216
021279
021278
02121972
02121971
021186
021090
020984
020982
020894
020880
02071995
020478
02041969
020385
020382
020294
020281
02021964
011283
011282
011194
011182
01112000
01111996
01111962
0111
011090
01101959
010895
01081967
010685
010678
01061967
010588
010582
01051997
01051964
010494
01041996
01041966
010387
010377
01031973
010295
010281
01012003
01012002
01011953
01011911
010110
007jr
091290
091190
09111973
09111966
091101
091081
09101994
090999
090986
090985
09091995
09091971
090888
09071969
090690
090685
090683
09061967
090483
090480
09041970
09041966
090291
090281
09011975
0829
081293
081282
081277
081191
081178
08111996
08111972
08101996
08101975
080891
080877
080872
08081970
080788
08071974
08071970
080694
080685
080683
080589
08051973
080390
080378
08031967
080292
080291
080282
08021971
080172
08011978
0728
0714
071288
071280
07121971
07101996
070986
070966
070886
070880
070791
07070
070691
070681
07061993
07061974
070592
070585
07051967
070482
07041995
07041961
070390
070382
07031968
070282
07021970
070188
070184
07011997
07011973
061289
061188
061181
061174
06101996
0610
060991
060982
060978
060976
0609
06081973
06081969
0608
06071972
06061972
06061968
06060606
060584
060582
06051972
060493
06041971
0604
060383
060374
06031971
06031969
06021997
06021970
051286
051280
051279
051187
051185
051181
05111996
05111972
051082
051078
050995
050981
05091997
05091971
050890
050889
050794
050785
050784
050774
050696
050682
050679
050593
05050505
050491
050476
050397
050388
050385
050384
050383
05031960
050281
05021998
05021968
050190
050176
0422
0415
041286
041282
04121976
04121972
041173
04111971
04101972
04101967
040986
04091998
04091975
04091974
04081965
040691
040589
04051998
040495
040392
040387
040380
04031966
04021996
04021974
040191
040190
040183
0343
031280
031179
03111975
031089
03101995
03101972
030984
03091975
030892
03081996
030787
03071975
03071972
030692
030676
03061976
0306
030582
030574
030492
03031968
030287
03022010
03021998
030182
03011971
024680
0228
021291
021289
021185
02111975
02111974
02111972
021082
021079
021074
02101996
020989
020684
02061997
020588
02041966
02041959
020393
020380
02031966
020287
020273
02021967
02011958
0125
0122
011285
01121969
01121967
011177
01111974
010981
01091971
010884
010882
010870
01081997
010789
010779
01071995
01071965
010695
01061999
010583
01051966
01041965
010383
010382
010379
01031998
010283
007911
007
0055
0009
000777fffa
09121979
091189
091183
091182
09111996
091066
09101963
09090
090889
090879
090782
09071973
090692
090682
090677
09061998
090581
090491
090486
090484
09041999
090392
090389
09032000
09031975
090290
090280
090180
09011995
09011977
0887
0852
081278
08122000
08121972
08111994
081082
08101971
080989
080985
08091998
08091973
080882
080878
080780
080778
08061998
08061971
080582
080576
08051997
08051962
080486
080483
080379
080290
08021965
080189
080182
08011972
08011970
0788
074401
0724
071283
071190
071184
071177
07111965
071082
07101970
070989
07081998
070778
070770
07071996
07061968
07051996
07051969
070490
07041998
07041997
07041968
070387
070371
07031972
07021996
07021973
07021972
07021971
070193
070190
070179
07011965
0691
0628
0627
0625
0622
0615
061279
061277
061273
06121996
061192
06111995
06111974
061075
06101970
06091972
06091970
06081996
06081968
060793
06071998
060677
060586
060585
06052000
06051996
06051969
06051968
06051965
060487
06041964
06031970
060276
06021998
06021966
060190
060175
06011998
0599
0519
051288
051274
05121996
05121973
051180
05111994
05111971
051080
050990
050977
05091972
05082000
05081998
050780
050775
050592
050579
050578
05031964
050274
05021966
05011971
05011968
0427
0414
041290
041273
04121993
04121973
04121969
041186
04111973
041088
041078
040990
040984
040977
04091996
040886
040883
040882
04081971
040785
04071969
040688
040679
040577
04041971
040390
04031971
04031967
040296
040282
040273
04021995
04021972
04021966
040187
040185
04011970
0369
031274
03121974
031194
031174
03111996
031090
031083
03101964
030990
030980
03091969
03071971
030683
030669
03061971
030583
03052000
030480
03042007
030405
030391
030381
03031999
03031964
030288
030285
030284
03021996
030190
030186
03011968
0213
021276
02121962
02111970
021076
02101960
020987
020985
020981
02091962
020893
020875
020781
020696
020683
020678
020672
02061961
020369
02031998
02020202
020190
020185
02012009
02011998
02011963
01470147
01440144
011280
011191
011082
011081
01101996
01081988m
01081969
01081959
010791
010784
010781
01071973
01071969
010677
010594
010592
010572
01052000
01051972
01051961
010476
010474
010380
010376
01032008
01031967
01031962
010291
010282
010269
010193
007008
005500
0022
000222
0002
000013
000012
000009
0p9o8i
09870987
0986
0978
0919
0913
09121995
091188
091180
091179
09111974
090991
090977
090880
090872
090788
090780
090679
09061996
090585
090566
09051998
09051996
09051970
09051965
090488
090479
090472
09041971
09041967
090385
090381
09031974
09031971
090293
090283
090191
090186
090177
0819
0816
081287
08121970
08121969
081196
08111995
08111969
081081
080876
08081967
080774
08061995
0806
080580
080491
080485
080479
08041968
08041967
080385
080376
080371
080286
080275
08021999
08021996
080180
08011976
08011971
0716
0715
071279
071183
07111998
07111969
07101964
070979
07081970
070795
070790
070776
07071998
07071971
070689
070686
070684
07062000
070583
070582
07051973
070488
070480
070380
070283
070280
070186
07011971
0620
0619
061185
061183
06111996
061095
06101975
06101972
06101965
06091973
060889
060883
060875
06081972
06081967
060784
060695
060679
060678
060589
060587
060486
060484
060378
060292
060290
060281
060280
060278
060198
060188
06011969
0569
0528
051177
051176
051092
051090
051087
051070
05101965
050973
05091966
05081965
05071974
05071969
050694
050691
050677
05062000
05061974
05061971
05061968
05051974
05051973
05051972
050489
050482
050480
05042000
05031962
050289
050284
050280
050188
050184
050172
05011999
05011963
0486
04325956
041291
041289
04121971
041182
04111977
04111966
041096
04102000
040966
04091971
040893
040885
04071966
040685
040684
040682
040675
040574
04051965
040491
040481
040468
040383
04031973
04031961
04031959
04021971
0402
040189
040186
040179
040175
0383
0357
033028Pw
031293
031289
031195
031178
031177
03111977
031092
031074
03102000
03101997
030991
030988
030893
030890
030878
03081998
03081962
03071966
030684
030682
03061970
030595
030589
030572
030571
03051961
0305
030488
03041997
03041970
03041968
03041966
030371
030187
030178
03011973
0289
021292
021192
021178
02111973
021095
020992
020983
020979
020978
020977
020882
02081969
02081959
0208
020776
02071999
020596
020584
020579
020575
02051962
02041998
02041967
02031968
020295
02021997
02021961
020188
020180
020176
02011965
01telemike01
0147258369
0124
0117
011292
011190
011084
010993
010986
01091968
01091960
010894
010888
010877
01081996
01081971
010793
010782
01071972
01071967
01071966
010686
010676
01061963
01061962
01061960
010595
010578
010577
01051962
0105
010481
010470
010381
010378
010375
01031969
01031960
01022008
01021967
01021962
010164
001002
0990
0915
091279
091275
091272
09111995
09111970
09101977
09101974
09101971
090982
090972
090971
09092000
09091997
090891
090883
09081970
09081966
09081962
090793
090786
090781
09071966
090680
09061970
0906
090582
090577
090576
09051967
09051964
09041973
09031973
090295
090294
090289
090286
090278
090190
09011998
09011971
09011970
0883
0880
0821
081279
081188
08111971
08111970
081088
081070
08101969
080987
080983
08091971
08091967
080871
08081997
080779
080777
080681
080678
08061972
08061966
080591
08051964
080490
080489
080472
08041969
080382
080374
080372
080284
080281
08021969
080187
080186
080175
080174
08011997
07931505
0791
0786
0777
0770
07111997
07111994
07111963
071081
071069
070981
070978
070887
070873
07081971
07081961
070792
070785
07071969
07071968
07070707
07061970
07061961
070593
070578
070577
070576
07051972
070465
07041999
07041967
07041960
070392
070391
0703
070293
0702
070187
070182
07011969
07011966
0664
0650
0629
061284
061280
061177
061084
061080
06101969
060986
06091967
06091961
060874
06081966
060788
060781
06071967
0607
060685
060670
06061964
060593
060583
060469
06041967
060395
060385
06031997
06031968
0603
060289
060279
060275
060273
06021972
060192
060187
060185
06011999
06011970
0580
0517
051277
051271
05121960
051191
051091
050980
050896
05081996
05081969
050792
050777
05071964
050674
050582
050574
050569
05051964
050488
05041965
050391
050386
050376
05031999
050277
050276
05021969
050194
050193
05011970
05011960
041272
04121995
04121967
041181
041180
04111968
041091
041081
040976
04091997
04091961
040887
040878
040866
040795
040778
040776
04071997
040696
040676
040581
040506
040475
04042000
04041962
040379
040291
040284
04021968
04011968
0329
031283
031277
03121995
031190
031182
03110311
031079
030987
030979
03091999
03091996
030884
03081999
030795
030768
03072000
030691
030677
030578
030560
03051964
03041967
0304
030378
03032003
03031998
03031969
03030303
030280
03022009
03022000
03021972
03021971
03021969
03021967
021281
021273
02121968
021195
021174
020991
020980
020971
02091998
020896
02081998
02081968
02081967
020796
020777
020692
020674
02061998
020493
020491
020480
020479
02041968
020395
020394
020390
020386
02031999
02021999
02020
020192
020184
020183
020182
02012000
02011969
02011968
0199
0156
0131
013013
012345678910
0115
0113
011195
011193
011184
01111973
01101969
01091969
010886
010880
010875
01082000
010776
010682
0106
010579
010570
010569
01051996
010473
01041969
01031963
010288
010286
01021966
010194
010162
010159
0072563
006900
0033
0023
0012
000005
00000007
00000001
0000000000d
0u812
0cDh0v99uE
0925
091288
091276
09121972
091186
091184
091178
09111969
091092
091086
091079
091071
09101968
090993
090992
090987
09091968
090871
09081969
0908
090791
09071999
090691
090678
090670
09061968
09051966
09051958
090485
090473
09041962
090387
090380
09031997
09031964
09021998
090189
09012000
09011964
0889
0825
082288
081286
08121976
08121964
081190
081182
081174
081083
081074
080992
080984
08091970
08091966
080894
080875
080873
08081961
080789
080784
080775
080689
080684
080679
080588
080586
080584
08051968
08041966
08041965
08041961
080394
08032000
080289
080288
080285
08021964
080184
08011996
08011963
0790
0773417k
0718
0713
071292
07121974
071194
071191
071180
071170
07110711
071084
07101971
07101969
070994
070985
070975
07091997
07091968
070893
070885
07081966
07081959
07061996
07051964
070481
07041996
07041962
07021997
07021967
07011970
07011962
0630
061292
061287
061283
061271
061184
061179
06111964
061069
060975
06091971
060876
060873
06081961
060783
060778
060694
060682
060680
060675
06062000
06061962
06051998
06051971
0605
060480
060477
06041996
06041969
06041961
060382
060381
060295
060286
060197
060194
06011967
0529
0527
0525
0523
0516
051276
051275
05121971
051189
051175
05111998
051095
051089
051086
051073
05101968
05101963
050992
050991
050975
05091958
050892
050887
050885
050872
05081999
05081963
05071968
050693
050692
050678
05061960
050594
05051960
050485
050470
05041998
05041973
05041969
05041966
05041963
050395
050392
050390
050378
05031965
050291
050273
05021965
05021964
050191
050189
050180
05011972
0494
04121974
04121966
041184
041171
04111999
04101996
04101995
04101970
040987
040981
04091965
04081962
04081960
040779
040777
040694
040692
040677
040587
04051967
04051963
040494
040489
04041965
04041960
040385
040374
040364
04031963
040281
040196
040184
040181
04011971
04011965
0390
0385
0328
03121964
031192
031181
031176
031077
03101968
030978
030888
030870
03081969
03081968
03071967
03071965
03071959
030694
030575
03051997
03051965
03051960
030493
03042008
03032007
03032005
03032000
030296
030283
030282
030279
030278
03022008
030180
030177
030175
030172
03011967
03011963
0284
0226
0218
021275
021270
02121967
021177
02111965
021091
021073
02101997
02101968
02101963
02091996
02091958
02081957
020773
02071998
020693
020680
020676
020675
02061969
020576
020569
020489
020477
020473
02041999
020389
020362
02031964
020279
02021969
02021968
020191
020186
020179
02011966
0188
01478963
0147852369
0129
0128um
01234567890
01213
0121
0118
011279
01122010
01122000
01121966
011183
01111972
01111967
01111961
011088
01102010
01102000
01101998
01101970
01101965
010978
010974
010971
01091999
010881
01081964
01071997
010692
010672
01061966
010587
010573
01051998
01051968
01051955
01042011
01041964
01041958
010399
010392
010371
010287
010276
01021965
01021963
01021959
01021955
010196
010156
010153
00998877
0083
0025
0017
0010
00070007
0006
00009999
000099
000021
00000a
0sister0
0o9i8u7y6t
091285
09122000
09111958
091082
091072
09101973
09101967
090965
09091964
09071998
09071997
09071970
090689
09061999
090597
090590
09051997
09051961
090493
090489
090482
090477
090476
09041995
0904
090396
09021975
09021964
09021960
090176
09011972
0888
08150815
081295
08121996
08121968
08121967
08121965
081189
081176
08101998
08101962
080977
080881
080781
0807
080693
080686
080680
08062000
08061997
08061968
08061967
080596
080568
08051970
080488
080481
080475
08041998
080383
08031969
08031968
08031957
080296
080280
080279
080276
08021997
08021972
08021968
08021963
080171
080170
08011968
0731
0720
071295
071274
07121997
07121970
07121963
071189
071175
07111966
071092
071089
071077
07101999
070992
070991
07091962
070891
07081964
070794
070772
07072000
07071999
07071970
070676
070674
07061997
07061960
070591
07051971
07051963
07051959
070494
070484
070479
070393
070269
07021969
070192
070178
0686
0676
0621
061296
06121971
06121970
06121969
061186
061175
06111971
06111967
061076
06101998
06101971
060970
060896
060884
06081964
060792
060791
06071963
060681
060671
06062006
060576
06051999
06051961
06051960
060489
060483
06042001
06041968
06041960
06041957
060386
060380
060291
060178
06011997
06011971
06011964
0581
0550
0524
0522
0513
051294
051270
05121970
051179
051169
05111997
051085
05101970
050987
050978
05091969
050875
05081971
050791
050778
05071998
05071997
05071970
05071965
050671
050670
05061964
05061963
05052006
05051998
05051967
05051962
050486
050474
050465
05041968
050382
050380
050374
0503
050271
05022003
050196
050182
05012000
05011969
05011966
0480
0469
0419
041288
041285
041279
041277
041274
041271
04121998
04121968
041192
041175
04111970
04111959
041094
041080
04101969
040992
040982
040978
04091960
040875
04081964
040673
04061999
04061962
040576
040575
040566
04051969
04051966
04051958
040496
040493
040490
04032008
04031956
040279
040278
04021997
040169
04011997
0388
0373
031276
031273
03121996
03111997
03111969
031094
031076
031069
031068
03101962
030976
03091968
03091960
030880
030876
03082000
03071968
030693
030675
03061999
03061965
03061959
030597
030593
030580
030507
030491
030489
030470
03042000
030376
030366
03031959
030281
03021963
03021960
030181
03011959
0288
0215
021280
02121998
02121970
02121964
021168
02111958
021081
021062
02101967
020994
020970
02091969
020892
020887
020879
020790
020774
02071966
02071964
02071959
020695
020688
02061968
020591
020582
020578
020574
020568
02051997
02051967
02051958
020495
020475
020474
020377
02031969
020291
020256
02021959
02021954
020177
020173
02011996
02011960
0190
0147852
011278
011277
011276
01121999
01121974
01121965
011186
01112010
01111997
01111970
011093
011074
011072
011070
01101997
01101972
01101958
010991
01091998
01091997
01091958
010900
010892
010866
01081968
01081962
01081960
010792
010777
010774
01071999
010696
010669
010666
01061968
01061958
010596
010580
01051959
010479
010478
01042010
010393
010372
01031999
010278
010270
01021961
010198
01011945
001969
0015
0973
0968
091294
091280
09121999
09121998
09121997
09121962
091196
091191
09111971
091096
091077
09101998
09101962
090996
090994
090969
09091959
090878
090877
090876
09081963
09080706
090777
090694
090675
09061997
09061966
09061962
09061961
090592
090471
09042000
09041958
090390
09032001
090287
090285
09022000
09021966
09021965
09011968
09011967
09011961
09011960
0892
0820
081291
081276
081272
081194
081170
08111997
08111974
081092
081084
081072
08101958
080990
080981
08092000
08091965
08091956
080895
08081962
08081960
08080808
08080
080794
08071966
08070807
080692
080682
080675
08061965
080565
08051967
08051966
08051961
080478
08041970
08041958
080389
080377
080375
08031965
08031962
080297
080294
080277
08021962
08021960
080188
080179
08011969
08011962
0781
0730
0717
071275
071272
07121998
07121968
07121966
071198
071192
071169
07111971
07111962
07111960
071080
071078
071073
071070
07101997
070895
070892
070799
070771
07071959
070697
070685
070678
07061963
07061962
070587
070581
07052000
07051998
07051970
070476
07041965
070396
070379
070358
07031998
07031971
07031965
070296
070294
070277
07022001
07021998
07021963
07011967
0682
0659
061278
061276
061262
061195
061182
061085
061071
06101968
06101961
060994
060980
06091998
060881
06081971
06081970
060798
060790
060776
060774
060773
06071968
06071966
06071962
060668
060662
06061963
060599
060595
060495
060488
060476
06041963
06031965
06031955
060294
06021965
06021960
060176
060166
06011963
0584
052677
051982
051970
0514
051293
051259
05121965
05121959
051192
05111961
051088
050984
050976
050893
050882
050878
050876
050862
05081970
05081968
050793
050779
050776
050772
050573
05052001
05051968
05051963
05051959
050496
050493
050479
05041971
050396
050393
05031970
05031969
050296
050293
050292
050287
050286
050279
050275
050269
05021967
05021962
050178
050175
05011967
048ro
0488
0483
0478
041284
04121996
04121964
041191
041176
041169
04111964
041084
041079
04101962
040996
040988
04091970
04091969
04091968
04091962
040894
040891
040872
04082000
04081997
04081966
04081959
040773
04072000
04071998
04071967
04071959
040683
04061969
0406
040594
04051999
04051968
040473
040471
040470
04041967
04041955
040384
040373
040368
040366
04032007
04031999
04031968
04031964
040287
040277
04022000
04021970
04021965
04021963
040192
04011962
031281
031275
03121999
03121998
03121969
031198
031169
03111973
03111970
031075
03101966
03101961
03092000
03081966
03081963
030796
030794
030776
030771
03061960
030591
030569
030568
030564
03051996
03051966
030469
030367
030365
03032010
03031960
030291
030277
030197
03012000
03011970
02551670
021283
021277
021272
021271
02121995
02121969
021194
021180
021170
021096
02101966
02101958
02101957
020975
020881
020876
02081997
020798
020795
020779
02071967
02071963
02071961
020699
020682
02061966
020597
020593
02051999
02051963
02042006
02041965
02041964
02041958
020381
020376
020375
020374
020297
020277
020270
020269
02022007
02022002
02021966
02021963
020193
020178
02011999
02011967
02011961
02011955
0191
0162
011270
011263
0112358
01121998
01121996
01111965
011091
01101967
01101964
010994
010977
01091967
01091964
01091959
01081965
010778
010775
01062010
01061998
01061965
01061961
010564
01051957
01041967
01041963
010368
01032004
01022002
0101dd
010158
010157
0088
00700
00198
001978
0014
0008
0005
000011
00000ty
000002
000000z
0987654321a
0977
0924
0921
091985
091298
091270
091263
09120912
091198
091193
091181
091173
091171
091076
090976
090968
090963
09091965
090874
090869
090778
090774
09071967
09071964
090594
090565
09051968
09051963
090495
090463
09041969
09041963
090394
090391
090379
090375
090372
09031967
090273
090272
090266
09021962
090188
090187
0901
0886
0872
0824
081294
081274
081259
081255
081186
081180
081179
08111998
08111963
08111960
081085
081076
08101966
08101961
08091997
08091962
08091960
080893
080874
080870
080869
08082000
080790
080773
08071999
08071998
08071969
08071964
080699
080691
080690
080676
08061969
08061962
080595
080593
080494
080482
08041997
08041973
080384
08031997
08031960
08031959
08031953
08021961
080190
08011960
08011959
072777
0726
071294
071293
071291
071278
071276
07121960
071173
071172
07111999
07111961
07111959
07111917
071079
071071
07101998
07101963
07101958
070970
07092000
07091963
070898
070876
070875
070869
07081999
07078
070774
07071965
07071960
070695
070693
070680
070677
07062001
07061969
070574
07051965
0705
070478
070388
070378
070372
07031960
070295
070287
070271
07021966
07021962
07021960
07021956
070194
070180
070176
070173
07012000
07011999
07011960
0688
0661
0613
061274
06121966
061193
061190
061176
061171
06111968
061090
06101959
060992
060971
06091955
060864
06081965
06081963
060768
06071955
060592
060577
06051967
06051955
060494
060396
060377
060370
06031960
060271
060269
060266
06021969
06021962
060182
06011996
0585
0565
0526
05121966
05121964
051166
05111959
051094
051079
051076
05101964
050982
05091963
050895
050874
050873
05071999
05071962
05062002
05061997
05061958
05052005
05051969
05051966
050492
05041999
05041960
050381
050372
050365
05031967
050305
050288
05022000
05021961
05021957
050195
050185
050181
050173
05011961
0477
0466
041957
041294
04121962
041174
041170
04111996
04111956
041075
041067
04101975
04101965
04101960
04091963
040895
040876
04081969
04081963
04081958
04081955
040793
040772
04072001
04071960
040698
04061972
04061966
040593
040564
04052008
04051957
040497
040462
040461
040460
04042007
04041968
04041966
040396
040376
040375
040371
04032009
04031965
04031962
040283
04022009
04021962
04021960
04012001
04012000
04011995
04011964
04011961
0393
0387
0377
032678
031279
031278
03121961
031193
031186
031185
03111998
031095
031073
031072
03101998
030993
030992
030989
030967
03091998
03091961
030863
030775
030770
03071956
030670
030668
03062000
03061961
030609
030576
03052005
03051962
030497
030494
03041963
03038
03031961
030293
030292
030276
03021964
03021962
030194
030183
030176
030171
03011999
0292
0256
02121966
02121961
02121960
02112000
02111971
021080
021068
02102001
02092000
02091960
020891
02081964
02081962
02081961
020794
020792
02071956
020673
020670
02061999
020595
020594
020577
020562
02051965
020494
020396
02031962
02031959
020299
020296
02021960
02021956
020181
02011962
02011959
0186
0185
0182
0164
0144
0143
0130
0127
012369
0123654789
0116
0114
011295
011272
01121968
01121960
01121959
01121957
01120112
011187
011181
01112011
01111966
01111964
011079
011073
01101960
010992
010975
01091957
010876
010797
01071961
010711
010693
01061969
010593
010571
010556
010487
010457
01042005
01042004
01041962
01041954
01031997
01031968
01031965
010294
010279
010275
010274
010268
01022006
01022001
010201
010167
0101198
01011948
007000
002200
000888
000023
000008
0994
0920
091293
09121967
091177
091175
091174
09112000
09111999
09111968
09111961
09110911
091094
091090
091085
09101964
090995
09091998
09091967
09091962
09091961
09091958
09091957
090892
090886
090884
090796
09071971
09071963
09071961
090660
09061964
09061963
090579
090564
09051960
090492
090478
090466
09041998
09041997
09041956
090399
090395
09031998
09031970
09031963
09022001
09021999
090183
090181
09011999
09011966
09011959
0830
081292
081290
08121963
081193
081184
081181
081171
08111958
081098
081091
081077
08101965
08101959
080997
080994
080993
080991
080982
08091958
080896
08081966
08081964
08081963
08081959
080799
080792
080791
080782
08071963
080697
080666
08061958
080572
080570
08052000
08051969
08051965
08041964
08041963
080398
080395
08031958
080295
080293
080274
080199
080193
080192
080183
08011965
08011964
0795
0773
071277
071270
07122001
07121954
071174
071168
071161
07111970
07111968
07111964
07111958
071098
07101968
070976
07091996
07091969
07091967
070879
07081968
07081967
07081960
070773
07071966
070673
07061971
07061967
07061965
07061958
070497
070496
070493
070491
070474
070472
070469
070386
070375
070374
07031963
07021999
07021968
070185
070183
07011959
0694
0689
0669
061982
0617
061299
061275
061270
061266
061170
06111998
06111997
06111969
06111966
061078
061072
06101999
06101966
060988
060983
06091999
06091997
06091965
06091962
06091960
06091959
060880
06071997
06071965
060698
06061961
06061960
060570
06051970
06051958
060506
060498
060491
06042000
06041998
060392
060389
060379
060373
060372
060369
06031964
06031961
06021999
06021967
06021964
06021956
060195
06012000
0594
0592
0590
0589
0582
052098
051292
05121958
05121956
051198
051196
051168
05111969
05111964
051072
05101973
050966
05091968
050894
05081964
05081961
050795
050771
050765
05071960
050681
05061967
050570
050484
050473
050462
05042001
05041959
05041957
050399
050394
05031968
05031966
05031953
05022002
050174
050168
05011964
0490
0489
0487
0485
0481
0479
042000
0413
041293
041265
04121965
04111997
04111960
041093
041069
041062
04101963
04101955
040993
04088
040877
040869
04081996
040796
040792
040693
040678
040571
040569
04041964
04041961
04041959
04041956
040393
040381
040378
04032010
040286
040276
040274
040269
04021998
04021967
04021961
040195
04011967
04011960
0378
031975
031268
031172
03112001
03111966
03111964
03111962
031087
03101967
03091967
03091958
030874
030873
03081965
03081964
03081957
03071970
030678
03062001
03061968
03061967
030592
03051999
030475
030472
03041996
03041965
03041961
030395
030374
030363
03031967
030295
030274
030270
03021968
030196
030195
030169
03012001
03011965
03011956
03011955
0295
028526
0285
0272
0258
0252
021983
021982
0217
021495
021298
021295
021293
02121965
021193
021175
02111969
02111968
02111957
021077
021072
021071
021056
021021
02101998
02101969
02101961
020976
020968
020962
02091997
02091959
020878
020874
020872
020869
02081960
020799
020797
020778
02072000
02071968
02071965
020698
020694
020663
02061967
020573
020571
020492
020462
020460
02042009
02042007
02042002
02041963
020368
020363
02031961
020304
020298
020268
020265
02021965
02021957
020171
02011956
02011952
02011949
0192
0179
0159
0153
0148
014702580369
012012
011299
01121964
01121961
01121950
011196
011188
011174
01112001
011097
011069
01101999
010970
010968
01091939
010899
010872
010869
010798
010794
010780
010771
010770
01071998
01071968
01071962
01071960
01071957
010668
01061997
01061959
010598
010575
010568
010567
01051958
010497
010477
01042002
01041959
010407
010397
010396
010293
010273
010272
01021968
010197
010108
008800
0080
0072
0065
0049
003842
0034
0018
0L8KCHeK
09apr15
098poi
0974
0926
0922
0914
091291
091267
09121996
09121959
091194
091192
091172
091163
091095
091093
091078
091063
09101997
09101961
090975
09092009
09091963
090882
090873
090863
09082002
09081998
09081965
09081964
09081961
09081957
090783
090779
090773
090762
09071965
09071960
090697
090693
090672
090671
09062000
09061965
090591
090572
090571
09051962
09051957
09051956
090498
090460
09041968
090373
090365
09031999
09031966
090271
09021969
09021967
09021961
09021959
090194
090178
090173
09011962
09011958
090100
0895
0884
0873
086421
0827
081500
081268
08121998
08121997
08121966
08121962
08121960
081197
081183
081162
08111966
08111961
081093
081071
081069
081060
08101968
08101963
08101960
08101957
080998
080980
080976
080975
080974
080973
08091959
08091957
080907
080899
080897
08081999
080793
080771
080762
08072000
08071961
080677
080672
080669
08061999
08061964
08061961
080592
080587
080573
08051963
08051959
080496
080495
080492
080487
080470
080467
08041957
080397
080396
08031999
08031998
08031961
08031955
08031952
08022000
08021998
080196
080191
08011956
0785
0783
0778
0725
071269
07122000
07121969
071090
071075
071072
071065
07101967
07101966
07101960
070993
070968
07091998
07091958
070894
070877
070870
07081955
070807
070768
070767
07071964
07071963
07071961
07071957
070699
07061966
070595
07052001
070475
07041964
07041959
070394
070377
070373
07031970
07031961
07031958
070292
070281
070279
070276
070274
070196
070195
07011968
07011958
07011953
0699
0692
0687
0684
0683
061980
061281
061272
06122000
06121997
06121968
06112001
06111962
06111959
061061
06101997
06101962
06101957
06091963
060901
060895
060878
060870
060868
06081999
06081960
06081958
06081955
060794
060777
060771
060763
06072001
06072000
06071969
060708
060699
06068
060674
060672
060663
060591
060575
060573
060572
060569
06051959
060461
060455
06041999
06041997
06041955
060375
06032000
06031999
06031962
06031957
060282
060270
06021963
06021961
060181
060177
060172
06011968
06011966
06011965
0601
05870587
0586
0583
05530553
052385
051966
051273
051263
05122001
05121997
05121961
051194
05111962
05102001
05101999
05101998
05091998
05091964
05091961
05091957
050897
050868
050863
050854
05081958
05072000
05071961
050700
050673
050664
05062006
05061969
05061965
05061961
050576
050560
05051965
05051961
050501
050475
05041967
05031959
05022001
05021963
050177
05011962
05011958
0484
0482
0442
0430
041275
041267
04118
041177
04112002
04111965
04111961
041099
041074
04101968
040991
040971
04091967
040873
04082006
040697
040674
040670
04062006
04062001
040595
040592
040567
04052001
04051962
040469
04042006
04042004
0404198
04041963
04041952
04040404
040386
040372
040367
04031954
040293
040292
04022010
04021956
04021954
040194
040178
040177
040170
04011998
04011969
04011959
0389
0386
0333
031995
031264
03121997
03121970
03121963
03121962
03120312
031189
031173
031171
031166
03111959
031098
031096
031000
030997
030973
030972
030969
03091965
030898
030895
030871
03082002
03081967
03081961
03071969
030699
030696
03061998
03061963
03061962
030573
030567
03051998
03051969
03051967
030496
030495
030477
030476
030471
03042009
03041964
030398
030372
030370
030369
030359
03031955
03022007
03021999
03021966
03021965
030192
030174
03011964
0268
02588520
02580258
021268
021266
021259
02121958
021171
02112001
02111998
02111997
02111963
02111962
021100
021097
020993
020963
02091999
02091961
020895
020889
020871
02082000
02081963
02081958
020793
020772
02062000
02061964
02061962
02061960
020570
020561
02051968
02051961
020468
020465
02042008
02042000
02041957
02040204
020378
020372
020370
02031963
02021962
020169
020158
02011957
02011950
020103
01870187
0181
0157
0151
01470258
0123698745
011268
011185
011178
011173
011171
01111999
01111957
011095
011077
01102011
01101955
010996
010995
010976
010969
01091961
010897
010873
010871
01081999
010795
010772
010767
010766
01072006
01071964
010675
010667
010661
01062011
01061964
01061954
010607
010597
010566
01052009
01052005
01052001
01051999
01051956
01051952
010496
010472
01041950
010356
01031961
01031956
01022005
01021957
01021954
010203a
010102
00948230
008008
00770077
0057
0053
0032
0020
0019
0016
00110011
001007
000000000000
0px
0999
0989
0976
091982
091296
09121968
09121966
09121960
091166
09111997
09111963
09111962
09111960
09111959
091075
091074
091070
09101970
09101966
09101965
090964
09091960
09081968
09081967
09081960
090789
090770
09071959
090696
09061960
09061956
09051959
09051955
09051954
090475
090474
090467
09041961
090376
090374
090370
090369
090361
09031969
09028
090268
090262
09021963
09021957
090195
090192
090179
090171
09011963
0891
0885
0879
0876
0874
0864
0857
0814
081297
081275
081273
081271
081267
081265
081264
081258
08122001
081187
081175
081172
08111999
08111968
08111965
081097
081079
081078
081075
081073
081068
080978
080972
080971
080960
08091969
08091968
08091963
08082009
08082006
08081998
08081965
08071965
080706
080695
08061957
080598
080594
080575
080564
080561
080477
080476
08041999
080393
080373
080370
080266
08021954
080197
080194
080178
080173
080166
08012000
08011999
08011961
0799
0779
0772
071299
071296
071273
07121961
07121957
071195
071193
071176
071165
07111955
071099
071064
071061
07102000
070997
070977
070974
070972
07091966
07091961
07091957
07091955
070897
070872
070871
07081965
070793monolit
070769
070765
070706
070692
070672
070662
070660
07061998
070598
070597
070594
070586
070570
070564
07041970
07041957
07041956
07041954
070395
070376
07032000
070268
070266
07021965
070181
070170
070167
070166
07011996
0697
062676
06251106
062001
061981
061974
06121999
06121972
06121965
06121964
06121962
061173
06111999
061099
061096m
061091
061081z
061073
06101963
06098
060964
06091968
06091966
06082000
060780
06071999
06071961
06071953
060708q
060667
060665
0606198
06061967
06061965
06061957
06061956
06061954
060580
060579
060563
06051966
060478
060475
060474
060472
06041958
06031967
06031963
060293
060284
060272
060268
060255
06022009
06022001
06021955
060160
06011960
0579
0575
0568
052769
051582
051373
051267
05121962
05121952
05118
05112000
05111966
05111965
05111963
051093
051074
051071
051066
051064
051061
05101997
050974
05092000
05091959
050905
050898
050866
05081959
05081957
05081956
05081955
050798
050796
050769
05071958
050699
050695
050672
050667
05061999
05061970
050607
050605rostik
050598
05058
050558
05052008
05051955
050495
050494
050472
05041964
05041961
05041956
050379
050377
050375
050373
050364
05031957
050272
050268
050267
05021959
050205
050179
05011959
05011956
05011955
0495
0491
0459
042898
041370
041298
041261
04122001
04121958
041197
041195
041163
041156
04111963
041095
041077
041070
04101964
04101961
04101959
04101958
04101954
040997
040995
04098
04092000
04091964
04091958
04081968
040794
040770
040768
04071968
04071957
040695
040672
040662
0406198
04061967
04061960
04061957
040568
040562
040558
04052005
04052000
04051960
040472
040464
04042002
040397
040394
040389
040370
04032001
04031960
04031955
040260
04021959
040197
040176
040160
04011966
04011963
04011955
0391
0384
0380
0379
0356
033033
03210321
031976
031660
03130313
031292
031288
031260
03121966
03121965
03121960
031170
031168
031167
031163
03111965
03111961
03111958
031091
031070
031067
03102002
03101999
03101953
030994
03091959
03091957
030902
030896
030862
03082007
03081959
030803
030777
030773
03072002
03071997
030663
03061969
030559
03052007
03051959
030499
030467
03042006
03042003
03042002
03041999
03041960
03041959
030399
030396
03031957
03030
030297
030271
030268
03021961
03021955
030193
030167
030157
03012002
0287
0283
0282
0269
0260
0235
0231
0230
021979
021961
021498
02143006
021296
021196
021176
021173
021172
02111967
02111966
02111964
02111961
02108
021070
02101965
02101964
02101953
020999
020969
020960
02091966
02091963
020898
020897
02081953
020775
020768
020671
020668
02062006
02061963
020592
02051998
02051966
02051959
02051956
020472
02041961
02041953
020391
020367
02032011
02032001
02031965
02031960
02031954
020293
020175
020174
020172
0198
0196
0195
0193
0187541
0169
0163
01280128
012583
012578
012177
0119
011294
011266
01121997
01121962
01121958
011192
011166
01111968
01111960
011094
011078
01102002
01101966
01101962
01101961
01101956
010893
010861
01081961
010773
01072011
01072002
01071970
01071954
010673
01062005
01062001
010565
01051954
01051953
01051949
010469
010468
010456
01041949
010400
010395
010370
010369
010362
010359
01032007
01032002
01032001
01031958
01031957
01031952
01030
010299
010271
01022007
01021958
01021956
010191m
00seven
0099
0056
0045
0040
002112
002002
001983
001966
001963
001962
001002003
000999888
000911
000357
000311
000019
000015
000000q
0okmnji9
0o9i8u7
0995
0993
0992
09910991
0991
0988
0987poiu
0987612345
0985
0983
098098098
0980
0979
0975
0962
0935
091674
091297
091274
091271
09121964
09121963
091170
091161
09111964
091073
090984
09092001
09091969
09091956
09091955
09091954
090875
090870
090868
09082000
09081959
090809
090794
09072004
09071956
090674
090595
090570
090569
090559
09052001
09041959
09041953
090382
090378
090377
09032002
09031962
09031953
090292
090257
090193
090182
090175
090174
090172
09011965
0900
089300
0882
0875
0868
0867
0856
0855
0853
085213
0826
082000
081955
081269
08121999
08121961
081208
081195
081167
081157
08112000
081101
081095
081063
08101967
080996
08091952
080860
08081968
080776
080772
080767
08072001
08071967
080696
08061959
080579
080577
080567
080560
08051960
08051955
080498
080493
080473
080465
080461
08041955
080392
08031951
080300
080278
080272
080264
080259
08021966
08021959
0802
080177
080168
0798
077777
0775
0774
0750
0746
0741020
0732
0727
071262
07121999
07121962
071162
07111957
07111956
071097
071063
07101965
07101959
07091965
07091964
070907
070896
070868
070867
070865
070863
070861
07081962
07081952
07071962
070696
07061999
07061957
070596
070579
07051962
07051958
070470
070397
070381
070370
07032006
07031966
07031964
070275
07022002
07022000
070197
070177
070174
070161
07011955
07010701
0698
0693
0685
0678
0662
0638
062274
061295
06128
06121998
06121967
061178
061166
061162
06112000
06111960
061098
061093
06108
061067
061059
06101960
06101958
060995
060969
060963
06092000
060899
060894
06082002
06081954
060767
060760
060660
06062002
06061959
060597
060574
060568
060564
060561
06052005
060504
060499
06041966
06041956
060366
060299
060297
060277
060274
060263
06021952
06011962
06011953
0588
0578
0577
0574
0555
053098
0530
0528325452mr
052585
051979
051974
051973
05180518
051298
051268
051264
05121969
05121967
05121963
05121954
05120512
051199
051195
051173
051172
051171
051170
051162
051160
05111967
05111960
051099
051067
05102000
05101962
05101960
05101958
05101956
05101955
050994
050971
050969
050967
05092001
05091955
050865
050855
050800
05072002
05072001
05071967
05071963
05071955
050675
050669
050662
05062003
05062001
05061962
050606
050599
050597
050567
050566
050565
05051956
050481
05042007
05041962
050398
050367
050361
05032001
05032000
05031956
050299
050294
050261
050199
050169
050166
04yvette
0472
0447
0441
0432
042376
041988
041970
041677
04128
041276
041268
04121999
04121961
041199
041196
041161
041159
04112000
04111998
04111969
04111967
04111962
04111949
041100
041098
041068
041065
041063
04101998
04101957
040973
040967
04091999
04091956
04087
04081999
04081957
040769
040767
04072006
04071999
04071965
04071961
040669
040668
04062004
04061963
040573
040563
04051964
04051961
04051954
040467
040465
04042010
04042008
040395
040369
040363
04032003
040295
040294
040275
040267
040263
040174
040168
040164
04011999
03whel
0397
0382
0372
0341
032257
03160316
031299
031266
031261
03122001
03122000
03121968
03121955
031191
031175
03112000
031066
03101965
03101963
03100310
030995
03098
030975
030963
030958
03091970
03091964
03091963
030866
030865
03081960
030774
030763
03071961
03071958
03071957
030673
030667
030665
030661
03062002
03061964
03061954
030596
030556
03051953
03051952
030498
03048
03041962
030364
030355
03032004
03031965
03031962
03031954
030294
030275
030272
03022001
03021959
030170
030164
030163
030161
03011998
03011966
03011957
03011954
03011951
02987654321
0290
0280
0277
0276
0273
02650265
0259
0247
0229
021974
021294
021274
021269
02122000
021164
021159
02111954
021094
021093
021092
02102000
02101999
02101959
02101955
020995
020961
020899
020867
020864
020860
02082002
02081956
020771
020770
020767
02071962
02071960
020664
02061959
02061951
020572
020566
02052001
02052000
02051960
02051950
020508
020499
020471
020470
020469
020464
02042005
02042004
02042001
02041956
020360
02031956
02021958
020197
020168
01mina
0189
0184
0180
0174
01477410
01200120
012000
011291
011274
011260
01122006
01122001
011175
011172
01111963
01111954
011096
011092
011076
011066
01101954
01092003
01092001
01091954
010907
010896
010867
01082006
01082001
01081958
01081955
01078
010759
01071959
01070107
010699
010697
010674
010663
01062007
010599
010561
010559
010553
01050105
010465
010463
010460
01042009
010403
01040
010398
010394
010367
010365
01031964
01031959
01031955
01031953
01031950
010297
010264
010260
01021951
010190m
01011949
01011920
010107
009009
007777
00769
007123
00700700
0068
0066600
0058
004937
0035
0031
0021
001974
001972
00197
001300
001234
000ooo
0000aaaa
00009870
000044
00000000a
0wnz
0995359291
0987654a
0981
092002
091986
091979
091878
091865
09141974
09140914
091295
091278
091265
09121961
09121957
091199
09111998
091067
091064
091057
09102001
09101999
09101960
090998
090973
090967
09092006
09091966
090895
090893
090865
090862
090861
09081958
09080908
090776
090775
09072000
09071957
09071953
090708
090676
090666
090664
09061958
090573
090568
090555
090494
090469
090371
090364
09031968
09031965
09031957
090282
090279
090274
090265
090264
09021955
090199
09011969
09011955
0899
0898
089089
0890
0881
08800880
0878
0852123
082280
081989
081983
081980
081299
081270
081260
08121958
081173
081096
08101997
080968
080967
080962
08092001
08091961
08091954
08090809
08088
08081956
080800
08072002
08071959
080700
080665
08061960
080597
080566
080559
080474
080471
080468
08042000
08041960
08041959
080369
080368
080367
080362
080361
08031949
08031947
080270
080268
080252
080250
08022001
08021956
080195
080176
080169
080167
08011958
08011954
0789
0771
077077
0768
0747
0735
072000
071956
071377
071297
071271
071266
071265
07122006
07121965
07121956
071203
07111967
071095
071094
071093
071091
07101961
07101956
070973
070967
070962
07091959
070874
070862
070859
07082004
07081953
070798
070796
07072001
070679
070669
070667
070666
07061964
07061955
070608
070575
070573
070571
070569
070565
070562
07051968
07051952
070499
070495
070464
07042001
07042000
07041955
07031969
07031967
070297
070278
07021958
07021957
07021954
070191
070175
070171
070162
