7777777
777777
789456
7777
789456123
77777777
7654321
741852963
741852
753951
77777
7895123
787878
789789
753159
789654
73501505
789123
78945612
789987
7753191
789789789
757575
727272
778899
777888
784512
767676
787898
7779311
717171
794613
7uGd5HIp2J
7007
747474
737373
78945
7894561230
786786
74108520
7777777777
797979
741963
7896321
777999
789654123
777333
7894
7734
741741
7777777a
777666
765432
77347734
7412369
741258963
789632145
7grout
741258
7878
777555
7474
707070
748596
74123698
7410
753357
78787878
74227422
74107410
777111
777000
777vlad
78963214
747400
7575
7272
7890
7676
74185296
7hrdnw23
789852
7555545
7415963
777888999
777444
7979
748159263
7171
789123456
741236
7UFTyX
789321
753753
7667
78N3s5Af
777777777
714714
78girl
7373
700700
7BGiQK
7625
75395
747747
7070
774411
7550055
7896
789520
775533
74123
78678
7788
777Angel
74747474
72727272
71717171
708090a
7kbe9D
7862
77777778
794613852
78963
7777755102q
7558795
74185
741236985
7xM5RQ
7seven
7f4df451
7894561
778811
7666
7447
72D5tn
711711
7xswzaq
7oVTGiMC
77778888
7771
7721
7711
766rglqy
747bbb
7355608
71177117
7pVN4t
78907890
7879
786786786
777win
7677
7500
741852kk
7412
7117
711111
7u8i9o0p
78787
7873
7653ajl1
755dfx
742617000027
741147
7399
7337
7277
7224763
708090
707707
703751
700007
7000
7gorwell
7F8SrT
7ERtu3Ds
789632
789551
777777a
777771
775577
76767676
765765
7644
753951852
744744z
7018
7001
7inches
7elephants
785612
779977
7778
7700
7669
76543210
7476
7467
7452tr
7418529630
709394
705499fh
7jokx7b9DU
79137913
789632147
786110
777555333
7749
7733
757757
754740g0
754321
753951456
7475
7448
7273
7085506
7seven7
7ofnine
7mary3
7eleven
789963
7899
78978
78965
78917891
78621323
785001
777222
777
7718
750750
7477
7300
72chevy
7274
718293
70707
70077007
7iMjFSTw
794613258
789qwe
789456123a
789056
7825
7779777
777123
7759
7747
7730
770129ji
7654321q
7557
7506751
747200
7411
7377
7255
7210
7111
70707070
7997
7911
789512
7895
7883
78789898
7791
7789
77879
7781
7777777z
7777777s
7776
7767
776655
7755
76689295
7652
7591
7576
7532
7456
7444
741123
740000
73997399
737737
7374
727727
7227
7221
7212
7201
7195
717717
7177
7173
7159
713713
70sguy
7somba
7samurai
7elephant
7988
79797979
78978978
78951236
789451
78791
7854
7823
7773
7772
776677
7766
7762
774477
773400
7715
770905
7707
76ers
7654321a
7654
75757575
7503
744637
7424
741776
741741741
7417
7414
7369
7295
7266
725725
7256
72305z
7223
7140
7123
7114
7099474
78aajuh
789999
789951123
789852123
7897
78967896
789456123q
7880
787899
787898mich
7852
7828962
7827
781227
77sunset
7799
77930117
7777777q
777775
777007
7769
7758521
77557755
773377
770077
7663
7580
755555
7532159
753214
75315
74827482
7465
74477447
7423
741qaz
741963852
741369
74125896
7410258963
7388
7383
7375
7357
7311
7240
7231
7213
720000
71727374
712712
7106189
7100
70780070780
7011
700000
7sajzasj
7mmmag
7hjksdjk
7ecffkx8
79927992
7981
7946135
7924
78vette
78965412
789521
789012
78900987
789000
7874
785412
78451
782ehuws
7816
7810
7808
77887788
777xxx
7777r1
77779999
7777778
7777777f
777777777777
777776
7775
7774
775775
77531911
7744
7735
773311
7728
7727
771177
7679
767300
7664
7612
759486
755755
753dfx
753421
7531
7480
7445
7436
7419
741852963q
74125
741177
7410852963
7410852
7402
7398
7333
7325
730000
72727
7170878g
7116
710710
710420
708708
7072
7057378
7029
7009
7006
7houdini
7995
7963
7939
7906
789512357
7894562
7891
7886
7877
7859
784512963
7811
779999
778877
778548
7783
7779
777777q
7777777v
776969
7757
7753
77441
770770
7668
7665
7650
7648
75987598
7595246
759153
7571
753698
75321
753159456
7530
751953
7473
7469
74527452
7428
7421
7420241
7420
7418
741456
7407
740106
7385
7366
7361
7360392
7351302
7334
7326
7308
729729
72779673
7275
7250
7246
7243
7238
72277227
7218
7214
7200
717273
7172
717071
7166
7162534
715715
7155
7147
7129034
7122
7115
7080
7058
7049
7046
7012
7002
