333333
315475
3333
323232
321321
31415926
314159
321654
343434
363636
33333333
303030
313131
353535
33333
369369
362436
321654987
3333333
321123
321456
332211
333666
336699
3232
311311
369963
373737
3131
369258
369852
3434
321321321
383838
333777
30051985
3636
30041986
31011987
3030
30031988
3000gt
3x7PxR
357357
30041987
357159
345678
31031988
30081984
333444
30041985
30011985
357951
3006
393939
31121990
30121987
31011990
369258147
31121988
31121987
30061987
30011986
3ip76k2
32167
31031987
30111987
30071986
30061983
30051989
30041991
321678
31101987
31051985
30121986
30091989
30031992
30031986
30011987
31071990
31051993
30051987
30011990
31121986
31121985
31051991
31051987
30121988
30121985
30101988
30061988
334455
31051982
30051988
30051986
333555
31101991
31081989
31051986
31011985
30101987
30071992
30061989
30061985
31031990
30091985
30081989
30011992
31071986
30071983
30041988
32323232
31121992
31081985
31071985
31051990
31011983
30071990
30061986
3535
31101989
31051988
30061982
3000
3825
31101986
30101990
30101984
30051984
30041992
30031989
30011983
3rJs1la7qE
34343434
31121983
31031986
30111986
30101986
30081990
30071985
30031987
30011980
31101988
31071983
31011989
30121984
30111990
30111989
30071987
30061981
30051992
31121982
31071988
30111982
30101985
30091987
30081986
30071991
30071982
333999
3141592
31101985
31071989
31071984
31011992
30091988
30091983
30011993
31081987
31031985
30111988
30091986
30081982
30061992
30061980
30061979
30051981
300465
30011988
3edc4rfv
31081990
31071991
31071982
31071980
31051977
31031982
30121990
30101991
30091992
30081988
30071989
30071979
30051991
30041990
30031985
30031984
30011989
3984240
3698741
31101983
31081982
31051989
31051983
30071988
30061990
30061984
30041984
30041983
30031979
3737
316316
31121991
31101984
31031989
31031980
30101983
30101982
300785
30051980
30051979
30041982
30031991
30031983
30011991
362514
357753
335577
31121984
31101982
31071977
31051992
30111983
30111979
30081983
30041993
30041989
30041980
333333333
3151020
31121980
31101990
31101978
31081988
31081983
31031984
31011986
30121983
30111985
30101981
30091994
30091982
30081987
30061991
3004
30011978
30011977
369852147
3141
3110
31081994
31071981
31051984
31031981
30111984
30101989
30081991
30011976
3838
3728
357mag
311088
31101992
31081992
31081991
31071992
31071978
31011978
30121989
30121982
30111993
30091991
30091990
30081980
30071980
30051990
30031982
30011981
3001
345345
34523452
3216732167
3113
31121989
31031992
31031978
31011980
302010
301280
30121992
30101992
30101980
300588
30041981
30031990
30031981
30031976
3003
30011984
3465xxx
32165498
31101975
310888
31071993
31071976
310589
310189
31011991
31011984
31011976
30121980
30111991
30091979
30091978
300780
30071984
30071981
300590
30041978
300300
333221
3210
31081986
31081981
31071987
31071979
31051981
31031979
31011982
31011979
300981
30081993
333666999
3223
322223
315920
311290
31031983
31011993
30111995
30111992
301090
30101978
30101974
30091984
30081994
30061978
30051978
33rjhjds
333222
3263827
3234412
31415
311286
31081993
310784
30081985
300688
30061975
300585
30051983
30051982
36363636
3456
3323
31081984
310585
31051994
310388
310181
31011988
30111978
30091981
30091977
30081981
30011982
3e2w1q
335533
326159487
3214
31313131
311288
31121993
31121981
31101979
310889
31081980
310785
31051980
31031993
31031991
310185
30121979
30121978
301184
301087
30101975
30091980
30081978
30071977
30061994
30061976
30051995
300490
30041977
30031994
30011995
3663
3283
311083
31101973
31081995
3108
310790
310586
31051976
31031994
310184
31011977
31011974
30303030
30121993
30121991
30101994
300zx
30071993
300586
300583
300487
30041994
30011979
3some
3edcvfr4
380zliki
3369
3344
3333333333
31122008
31121977
311090
311079
31101976
31081979
310787
310386
310385
301288
301188
30111981
300888
30031995
30031993
3stooges
3girls
3783
3366
3355
330330
31101977
310885
31081978
310783
31051996
310387
31031975
31011995
31011994
301286
301186
301183
30111994
30101977
300982
30091974
300770
30071976
300687
30061977
300486
383pdjvl
333888
311285
3112
311080
31101995
31101981
310887
310882
310880
31081973
31051979
310380
310187
301283
30121981
30111977
30101995
300990
300886
30081979
300788
300778
300686
30061993
30061974
300584
300581
30051993
300380
30031974
30011996
30011973
3CuDjZ
321ewq
321456987
314159265
311283
311281
31121974
311086
31101993
310886
31071997
31031974
310190
3012
301190
301187
30111980
301086
30101973
300975
30091995
300889
300789
300691
300690
300689
30051994
30051972
300492
300482
30041995
30041975
300390
300388
30031977
30031975
300190
3939
38253825
333111
325325
311287
311089
311077
310879
31081971
31071995
3107
310590
310392
310389
310186
310182
31011975
301284
301084
30101976
30091993
300884
3008
300791
300787
30071978
300680
30061995
30051977
30051975
30051963
300484
30041974
300383
30031972
300186
30011998
30011994
30011975
3sYqo15hiL
3MPz4R
3ki42X
335533aa
326598
321987
3141592654
31121978
311085
310789
310780
31071996
310591
310584
3105
31031977
31031970
310191
31011981
3101
30121976
30121971
301191
301081
30101993
3010
300986
30091971
30081977
30071973
30061998
30061973
300589
300491
300488
300485
300384
30031980
300189
300188
300000
3QVqoD
368ejhih
3334
3332
315315
3111
311087
31101994
31101980
310881
31081974
310781
31051995
310188
31011973
301185
301182
301179
30111976
30111975
30111970
301080
301078
30101979
30091972
3009
300885
30081975
30081971
30071997
300682
300580
3005
300483
30041979
30041973
30041972
300389
300382
300183
300182
300180
300179
3699
3624
3579
3456789
3377
3364068
33223322
313313
31121994
31121979
31121976
311095
311075
310883
31081975
310788
310782
31071973
310588
310581
310393
3103
302302
301291
30121975
30111974
30101971
30091975
30091973
30091970
30081976
30081965
300782
30071972
300582
300476
300184
3way
3mta3
3782
331234
3311
314314
313233
311291
311284
311282
31121910
311091
31101996
31051973
31031996
31031995
31031972
301285
301282
30121998
30121974
30121969
301085
301083
300994
300991
30091976
300887
300883
30081992
30081974
300792
30051996
30051976
30051969
300480
300387
30011972
38972091
3809
3787
3698
34524815
3436
343104ky
3356
333z333
333222111
3300
31217221027711
311269
31121996
31121972
31121970
31121969
311084
310892
310791
310786
31071975
31071972
310579
310382
310376
31011996
31011970
301281
301275
301181
30111972
301088
300989
300976
30091996
300879
300790
30071994
30071974
3007
300685
300679
30061970
300576
300489
30031970
300192
369147
3666
34533453
33ds5x
332332
3313
3133
311289
311277
31121975
31121973
310792
31071974
31071971
310583
310574
31051971
310391
310384
31031969
310192
310177
31011997
31011972
31011967
301289
301279
30121994
301194
301189
301178
300985
300984
300980
300786
300781
30071975
300683
30061972
300595
300481
30041997
30041996
300393
300381
30031998
30031978
3xbobobo
3A5irT
379379
3791
375125
3733
36460341
360360
32503250
31413141
312312
31122000
310884
31081977
310793
310593
310580
310378
31031976
310195
310174
3035
30303
301292
30121995
301092
30101972
300890
30081995
30081973
30081961
300777
300684
30061968
300587
30051998
300386
30031971
300187
300178
30011968
3TmnEJ
3891576
3739
36987412
369369369
3693
35353535
3410
332233
3322
32165
32103210
3200
31337
311292
31121995
31121971
31101968
310891
310876
310775
31071994
31071969
310595
310587
310577
31051974
310194
310179
302731
30121977
301180
30111996
301089
300987
30091997
300882
300881
300872
30081972
300783
300779
30071971
300695
300677
300670
30061997
300592
300591
300578
300494
30041999
30041971
30041970
300378
300173
30011969
30003000
392781
3773
3750
3721
36936
3690
362412
3600
355355
34567
345543
3412
339311
33593359
3334444
3327
32615948worms
3234
3233
3211
320320
31313
3124
311music
311279
310895
310874
31081970
31081969
31071966
31071962
310592
31051997
31051978
31051975
31051972
31051970
310395
310394
310390
31031963
31031960
31011998
31011971
305pwzlr
303303
301290
30121996
30121973
30121970
301192
301093
30101996
300995
300983
300979
300973
300892
300877
300675
300575
30051970
300478
30041976
30041961
300385
30031963
300196
300194
30011974
30011971
30011966
38383838
3742
37373737
3711
343343
3330
33233323
3321
3247562
3221
3201
316769
31121967
311093
311082
31101972
310877
31081976
310778
31071967
310582
310383
310374
31031967
31031964
310176
31012000
305305
301177
301172
30111973
30111962
301082
301079
30091964
30081967
300793
300692
300681
30061996
300594
300579
300577
30051973
30051965
300477
300470
30043004
30041964
30041963
300375
30031973
300191
300175
30011970
30011965
3techsrl
3f3fphT7oP
38gjgeuftd
369874125
3657549
3630000
3615
3578951
3578
34778
3388
337733
33693369
33334444
321cba
3215
3194
316497
31323132
311280
311278
31121997
311092
311078
31101969
310894
31082000
31081996
310594
310576
310381
310379
310373
31031971
310197
310183
310180
31011965
3100
3052
301073
301072
301070
30101968
30091969
300893
30081970
30081969
30081968
300775
30071995
300693
30063006
30061969
300574
300572
30052008
300392
30032002
30031968
300185
30012000
30011999
30011967
382436
3812
3732
3720
369874
36363
35793579
3555
3553
3440172
33st33
336633
334433
333000
3316
3301
327327
32715
3265
32323
321ret32
32132
320033
3185
3166
311294
31121966
311073
31101974
31101960
31081972
31081968
31081966
310777
31051968
310377
310371
31031973
31031962
31012001
3032
301294
301287
30121999
30121967
301196
301176
30111967
30111965
301091
301076
300971
30091968
300895
300880
30071966
300696
300678
300671
30061967
30052000
30051997
30051974
30051968
30041969
30041967
30041962
300379
300377
30031997
30031964
30031959
300174
30013001
30011997
30011963
30011961
3e4r5t
39533953
37913791
37583867
3722
369741
36925814
3639
3611jcmg
3574
3570
3469
3422
3374
33553355
33221
3292
3278
3275
3247
3242
316271
3151
31415927
3123
31122010
31121999
311094
311076
31101970
31101965
310893
310890
310872
31081997
31072002
31071998
31071965
31071961
31051965
31011969
31011966
31011959
306306
30624700
301278
301277
301274
30121972
301171
30111997
30111961
30111958
3011
301095
301094
30101970
30101969
30101964
30101961
30101960
300993
300988
30091967
30091962
300896
30081997
300771
30072001
30071996
300694
30061971
30061960
300493
300475
30041957
300394
300374
300371
30031969
30031960
30031957
300172
300161
382563
3822
3816778
3777
3691
3669
36633663
3659
365365
365214
36169544
3611
358hkyp
3575
3536
3461
3459
3440
3434245
3401
3370
33213321
3318
330000
32633263
3260
3254
3245
3236
3226
3222
321qaz
32123
3212
3182
3181
3150
3146
3142
311420
311296
311293
311273
311270
311265
31123112
311113
311081
311074
31102000
31101964
31101961
310875
31081998
31081965
310794
310776
310597
310596
31051999
31051967
31051962
31032000
31031998
31031997
31031965
310178
31011968
31011961
3055
3050
3040
301293
301276
301273
30121997
301195
301193
301170
30102001
30101998
30101966
30101962
300969
30091958
30091956
30082008
30081959
300797
30071970
30071965
30071964
300676
30061961
30051966
300479
300474
30041960
30041955
30031996
300197
30011964
30011960
388388
3845
3824
37Kazoo
3710
36dd
36987
36985214
3655
3654
3633
3625
3599
357357357
350350
3481
34773477
3457
3443
342500
3376
3358
334334
3339
3335
3331
3326
3315
3314
3309
3303
3296
328328
3269
323323
3213
32113211
32023202
318318
3161
31359092
312mas
3126
3121
311295
311271
31121965
31101997
31101963
31101958
310878
310873
31081961
31071970
31071964
310575
310573
310568
310558
31053105
31051998
31051961
310375
310367
31031959
310310
31021364
31011963
310000
308win
301271
301197
301175
301167
30111971
301075
301071
301068
301060
300zxtt
300977
300968
30091966
300894
300891
300878
300875
300868
30081996
30081955
300784
300776
300772
30071968
30071963
300672
300668
300570
30051964
30051962
30051961
30051957
300460
30041958
300391
300376
30032001
30031961
30031937
300177
300170
30011955
3times
3kings
3bears
3968
396396
3900
3836
3731
3727
3662
360moden
3588
35783578
351351
3478
3462
34567890
3455
3454
3447
343536
3433
340340
3399
3387
3373
33669
3365
3362
3345
333555777
33351962
333333q
3325
3317
33143314
32823282
32566842
3251
3250
3246
324324
3240
321671
3216
3214789
3202
3171
3125
31233123
31133113
311298
311276
311275
311272
311200
311071
31101971
310898
310864
31081964
31081960
310799
310796
310774
310771
31058
310572
310569
310565
31051969
31051964
31051958
310372
310369
31031968
310173
31011964
30astic29
3078
3051
3037
3031
3028
3020
301301
30123012
30121968
30121966
30121964
30111969
30111968
30111963
30111959
301097
30102000
30101957
301000
30092000
30091998
300876
300874
300871
300867
30081962
30071967
30071960
30071959
300669
300666
30061963
30061962
300573
300568
300564
30051971
300497
300495
300472
30041998
300367
300364
300361
30032000
30031999
30031962
300193
300181
30012001
30011962
30011956
3e4r5t6y
3dwe45
3children
3927
38dd
3833
383295502
3825968
3776
3762
3760
3734
3704
3700
369987
3660
3647
3642
3616615a
361619
358853
3582
3569
3562
3557
354354
3521
35153515
3500
34erdfcv
3489
3474
3468
3464
345123
3445
3444
344344
3411
3400
3390
3384
3383
33663366
33445566
3343
3336
33333v
33331111
333123
333
33253325
331199
331133
330033
3288
3272
32663266
3266
325632
3255
325225
32473247
3235
32343234
32333233
32303230
3220
32198
321890
321789
321677
32145
32123212
3195
317537
317317
3164
3157
3156
311rocks
311274
311268
31122006
31121968
31121957
311096
31101967
31101966
31101962
311000
310869
31081962
31081958
310797
310772
310770
310768
31071999
31071958
31059
310578
310570
310563
310562
31051966
31051963
31051956
3104
310370
31032001
31031999
31031966
31031957
31031956
310196
310165
31011999
310101
30seconds
3088
304304
3025
301978
3013
301295
301272
301169
30111966
30111964
301098
30101997
30101963
300996
300974
300972
30091999
30091965
30091959
30081966
30081963
30081954
300808
300766
30071956
300673
300664
30061965
30061958
300596
300593
300569
300567
30051954
30051953
300499
300498
300496
300473
300467
300466
30041959
300399
300397
30038
30031967
30031958
300160
3speed
3993
3964
3961
3933
39273927
3910
38super
3881
3872
3852
3841
38323832
382003
3781
3780
3740
37333733
37113711
369272
369123
3689
3684
3683
367900
3673
3667
36523652
3650
364364
3640
3620
361111
3604127
3595
3585
358358
35791
356356
354eli
3548
354545
3524
3522
3520
3519
3488
34851290
3478526129
3477
344444
3438
3435
34343
3425
342342
3420
3417
340cuda
3406
340000
33yank
3398
337799
3375
336933
3360666
335335
3353
33467
334365
3338333
3338
3337
33335555
333333a
33303333
3322607093
33153315
331331
3304
3282
3280
3276
3270
326532
326326
3261
325698
325678
3240500777
323432
3228
3216789
3215987
321000
3208
3189
3176
3160
3155
3137
3135
31321dj51982
3132
3130
31253125
311313
311260
31121998
311111
311069
31101999
310870
31082001
31081963
31078
310773
310761
31072001
31071956
31052001
31052000
310368
31031958
3102
31011962
30secondstomars
3086
308308
3080
307307
3063
304050
3039
3036
3033
301269
301261
3012292113
301199
30119
301174
301173
30111998
301099
301069
301063
301056
30101967
30101959
300992
300960
30091960
30081999
30081998
300795
300774
30072000
30071998
300697
30062000
30061966
30061964
30061959
30061957
300566
300563
30051958
300469
300464
30041945
300398
300373
300370
300369
300368
300363
30031966
30031956
30031952
300176
30012002
30011958
30011953
3somes
3J8zegDo
3drcgiy6
3angels
398399
394600
3940
3936
3925
3923
3920
3916
3911
3891
3873
3866
38553855
381381
3803
3785
377377
37733773
3758
375375
373996
37133713
3713
3708
370370
3702
3696
36913691
369100
36903690
3675
3672
365850413
3651
3641
3638
3632
3626
3622
36143614
3614
3608774
3606199
3578vb
357000
3546
35403540
35353
3532
3530
352352
351472
3510
3508
3504
35003500
34lestat
3494
3465
345891670
3454051maksim
3446
34433443
3441
342434
3424
3423
3418
3408
339933
3391
338833
338338
3371
336905
3366441
3361
335566
334918
333777999
33366699
3324
3319
33133313
3312
33113311
3310
3307
3306
3304895
3299
3297
3281
3279
3277
3262
3243
3241
3229
32233223
322322
32167890
32132132
3212321
321111
3208080
3205
320000
3197
3193
3190
3186
3184
3180
3179
3177
317573
3172
3169
3168
3167
31553155
3147
3145
31423142
312400
3121013
3117
3116
31143114
311299
31122007
31122005
31122004
31121962
31121961
31121900
3111995
31108
311070
311064
31103110
31101959
31101953
310866
31081967
310779
310766
310756
31071968
31071960
31071955
3106
310571
31051959
31051954
31051952
310397
31035518
31033103
310199
310198
310172
310171
310170
310162
31012003
3082
30703070
3067
305256
3044
3024
3022
30201
301mas
301297
30128
301268
301266
301264
301260
30122004
30122002
30121965
30121963
30121957
301198
30112000
30111960
301096
301077
301074
301062
301061
30101999
30101965
300998
300978
300964
300958
300870
300864
30082000
30081957
30081952
300773
300768
30072002
300698
300655
300600
300565
300562
30052003
30052001
30051967
30051960
30051955
300468
30042001
30042000
30041953
300395
300372
300366
30036
300198
300169
300166
300165
300003
