444444
4815162342
4444
420420
4321
456789
454545
456123
456456
424242
4128
44444444
456852
445566
456654
474747
4runner
44444
420247
456321
404040
4121
414141
4545
434343
4417
484848
464646
4444444
4242
426hemi
45M2DO5BS
494949
420000
45678
456456456
415263
4200
4040
4ever
45454545
43214321
4567
4711
44332211
49ers
456987
4you
444555
4949
42424242
4271
4455
4343
43046721
4747
4226
4rfv3edc
45612
4554
4141
4848
4563
44magnum
427900
48151623
4646
456258
4929
444777
4266
4567890
4SNz9g
4r3e2w1q
4904s677075
479373
4556
451236
4510
4422
4313
4wheel
4free
47474747
4637324
4428
4000
475869
47114711
44445555
4rfv5tgb
4477
43211234
4250
4r5t6y
4life
4568
45645
4119
4z34l0ts
4564
4539
4356
4223
41414141
4114
4ZqAUF
4Wwvte
4rkpkt
4660
456789123
456123789
4488
43434343
4071
4money
49527843
4544
4506802a
4268
42042042
4112
4071505
4z3al0ts
4WcQjn
444222
4326
430799
4211
4_LiFe
495rus19
4815162342lost
4678
46464646
4621
4535
4430
440440
4190
4053
4TLVeD
4DwvJj
4all
492529
4653
4570
4551
45454
4411
4012
40028922
4893
4815162342a
481516234
481516
4578
4566
4500455
4444444444
4416
427cobra
42069
4118
48484848
4599
4217
4freedom
4cranker
48624862
4828
474jdvff
4734
4569
4560
4508
444555666
442244
4412
4408
4321rewq
4310
4201
4111
4002
4play
4Ng62t
4me2no
4989
4916
4809594Q
464811
4600
4580
454dfmcq
4511
4503
446655
444666
44448888
444333
4426
4421
42qwerty42
41d8cd98f00b
41614161
4011
4x7wjR
4sex
4mnVeh
4meonly
4GXrzEMq
4g3izhox
4fun
4911
4854
4616
4582
456838
4523
452073t
4400
4311111q
4258
4255
4231
4213
4212
4209
4152
405060
4iter
49ers1
4976
48774877
4808
4807
4712
46775575
4666
45auto
45685
456123a
455445
4546
4541
4520
4507
450000
4469
4434
443322
442200
4377
4294967296
425425
4233
4225
4126
4123
411411
4077mash
4034407
4013
4001
4pussy
4jjcho
4fa82hyx
493949
4833
4809
477041
46doris
4663
45colt
456asd
4548
4532
4502
4474
44556
444000
4386
428054
4280
4235
4224
4204
4160
413276191q
412412
4007
4real
4me2know
4EBouUX8
4cancel
4901
4823
47ds8x
471111
4701
4664
4648
4610
456rty
4565
45645645
4562
4506
44556677
4454
4433
4404
4366
4300
42684268
4254
424365
4206969
420666
420024
4159
4153
41514151
414243
4125
4100
4RzP8aB7
4987
4930321
4900
486486
486255
483422
478jfszk
4748
4673
4651
46466452
4638
4590
458458
45678912
45654565
45632
4553
4552
4542
4524
4500
444888
444444444
4443
4440
441232
4357
4350
4290
4264
4253
4246
4227
4222
421421
420smoke
41526300
4144
41424142
41234123
4110
4108
4101
4060
40404040
4speed
4seasons
4nick8
4ever4
4950
49494949
4921
48n25rcC
4874
4862
4840
4815162342lf
4801
4756
4754
4717
46and2
4682
4588
45674567
4561
45544554
4521
4512
4509
45014501
44e3ebda
44884488
4447
444455
444111
4425
4410
4387
43724372
4344
4331
4312
4279
427287
4265
4247
4237
4229
422422
420420420
4187
4143
41214121
4117
4115
4077
4061994
4030
4teens
4peace
4973
4855
4852
4824
4815162342q
4800
4782
4755
4707570
4665
4633
4579
4531
4522
451451
45123
44mag
4489
4479
44774477
446688
4456
4432
4332
4328
432100
4293
4274
4258195
4256
4252
423956
4236
420842084208555
4205
42014201
42004200
4166
4158
415415
41513042
4132
4130
4116
400000
4sure
4SolOmon
4rdf_king7
4p9f8nja
4991
4972
495812
4928
4923
4917
4903
4899
4891
4875
4865
483483
4815162342z
4770
4762
4758
4752
4731
4714
4702
470000
46824682
4669
466800
46534653
4645
459228
4591
4572
456963
45683968
4558
4557
455455
454454
4538
4515
4513
451236789
450450
4501
4496
4494
4478
4462
4460
4453
4449
444587qw
444466
4441
44224422
4414
4403
4348
43344334
4304
4287
4275
426426
4257
4245
423423
422119
4221
4202
420
4195
4175
4162
41144114
40plusdd
4089
4081
4080
4050328
4050
4042
40302010
4020
4018
4rfvbgt5
4r4r4r
4ngF4g2
4horseme
4girls
4getit
4access
49erfan
4999
4982
4977
4969
4951
4943tabb
4936
4922
4897
48916052a
48914891
48844884
487111
4866
486213
4858
4845
4819
4789
4784
4774
4767
4735
4697
4664996
4647
4644
4643
4641
46225778
4615
4613
4595
459459
4586
456456456q
4555
4547
454647
4544proj
4527
4517
44street
4495
4485
4480
4476
446644
4465134444
4463
4459
445544
4452
44446666
44445
4438
4424
44234423
4420
4415
441441
441144
4406
440044
4367
4346
4339
4336
4334
4329
432432
43215678
431311
4311
4295
4277
4273
4269
4262
4251
424424
424344
4243
4240
42324232
4220
4210
4208
4203
42000
4174
4164
4161
4151
4150
4145
4140
4139
4136
4133
4127
4124
4122
410410
4090
4066
4047
4037
4025
4023
4017
4010
4004
4wheeler
4today
4mandy
49merc
4998
4990
4984
4975
4974
4959
4925
4919
4887
4863
4857
4850
4849
4843
4837
4820
4815162342s
4811
4799
479066
4769
4763
475747
4750131
4750
47474
4743
4737
4733
4729748
4713
4700
46948530
469469
46855343
468468
4680
4668
4667
46624662
4661
46604660
46540535
46494649
4648246482
4634
4628
4624
4598
4592
4589
456870
45665
456123q
45612378
454987
45344534
4528
451384
45124512
45034503
4491
4475
447447
4467
44665555
4464
444719
4446
4445
4442
44324432
4431
4427
441122
4405
440000
4352
4351558q
4340542zx
4335
4333
4315
431431
42p37
4276
4272
4270
4269115
42674267
4254254
42514251
425087
42506
4244
4243216
42344234
4228
4214
42124212
4204life
420187
4192
418541646
4180
4168
415666
4155
4147
413413
413121
41304130
4129
4121412
40404
40124012
4005
40044004
