555555
55555
5150
5555
55555555
54321
565656
51505150
5555555
555666
505050
545454
5555555555
525252
50cent
515151
555777
585858
575757
567890
5551212
543210
5050
50spanks
5656
535353
5678
5454
57chevy
5252
556677
5329
5201314
5424
515000
5Wr2i7H8
5000
595959
5683
55BGates
5432
56789
56565656
515051
5151
567567
5757
5858
555222
5353
555333
555555555
500500
50505050
5tgb6yhn
5hsU75kpoT
5232
515253
55chevy
5410
52525252
5566
555556
555000
512512
500000
54545454
5401
520520
5641110
555444
5550666
524645
56835683
555888
554455
5404
567765
55555a
555555a
541233432442
5437
557744
555111
5413
5225
51051051051
55832811
5445
5291
5rxyPN
55556666
5550123
5544
5472
56Qhxs
555999
54132442
5959
57nP39
56785678
557711
555666777
554uzpad
5411
5398
5254
5115
50505
551scasi
5455
5420
5674
565hlgqo
55667788
5525
543216
52678677
5005
5t6y7u8i
5t4r3e2w1q
5963
55555q
5440
5416
556655
555551
5552555
5433
54321q
5369
5366
526452
51842543
5LYeDN
58585858
5544332211
554433
5482
545ettvy
5421
5377
5334
5QNZjx
5782790
5775
557799
5533
5490
5396
5355
5325
525525
5253
56565
5646
556699
546546546
54321a
526282
5260
5258
5116
5t6y7u
579300
57575757
5681392
567rntvm
555123
5477
5432112345
5333
5321
5286
5268
5191
5003
5tgbnhy6
57392632
564564
5622
5612
5598
5577
5556
5551298
550722
5505
54775477
546546
5422
5411pimo
5400
531879fiz
5263
5262
5255
5200
51094didi
5W76RNqp
58565254
57055705
5639
5591
5578
5569
556644
5464
543543
5309
52345
52255225
5152
513513
5112
5058
505505
5055
5string
5nizza
5C92V5H6
5916
5792076
5574
5556633
555555d
5535
552233
5513
5512
5510
54725472
5458
54545
5449
5434
542001
5417
5415
536536
5288
527952
52545856
523523
5220
521521
515515
51525354
515069
5125
5118
5049
5speed
5alive
59382113kevinp
5884
5878
5864
5791
57699434
5678ytr
5677
5588
55665566
55555r
55555d
5554
55495746
5543
552861
552255
5502
550000
5478
5469
545645
54354
5435
54343
5431
5337
5299
5278
5226
5211
5210
51502112
50325
50000
5unshine
5gtGiAxm
5f68t9
5element
5969
5880
5853
5844
5837
5747
5692
56836803
5654
5565
55555N
5545
55443322
55378008
5521
5515
5487
5465
5463
5446
543211
5430
5427
5412
5335
5318008
5280
5272
52415241
5222
5163
51515151
5150vh
511647
50cen
500600
5001
5ThGBQI
5daxb
59635963
5958
5811
5712
5665
5663
565758
5634
5631
56259090
5575
5557940
5557
5551
5546
554466
5523
5522
54gv768
5481
5476
5466
54645464
5455555
54335433
542678
540540
5393
53755375
5362
5345321aa
5340
5270
526549
5256
524524
5239
523252
5228
5189
5188
51501984
5124
5120
510510
5101
5067
5051
5012
5seks7
5962
5900
5888
5858855abc
5847
5744
5711
5708
5689
567432
5662
5657
564738
5616
5610
5606
55775577
557755
5567
5563
555aaa
5559
55555m
5542
553355
551155
550606
5500
5491
54745474
5467
5461
5457
54325432
5429
5418
5390
5356
53535353
5351
5320
52xmax
5283
5277
52745274
5266
5265
5257
52535253
52525
5250
5241
5234
5233
5231
5227
5219
5217
5214
520131
5175
5152535455
514514
5131
5119
511511
5114
5110
5072
5071
5063
5032
5022
5klapser6
5978
5972
59595959
5953
592111
58915891
5885
5882300
5882
5874
5869
5867314
5859
585585
5855
5854
580709
57vetguy
5789
5761
5755
56tyghbn
5672
5670
56654566
56525652
5647
564321
56325632
558855
55681293
5562
5561
5560
55555s
55555l
555
5531
55235523
55013550
5483
5480
547896321
5470
544544
5432167890
5414
5388
533333
5316
5302
5301
5300
5267
526526
5236
52325403
5230
5224
5223
5221
52135213
5212
52015201
5201
5199
5174
5168
5166
5157
5156
515050
5144355
5144
5133
5130
5123
5121
511006q
5102
50cents
5040
5038
5011
5010
5td76use
5clint
59pennsy
599eidhi
5977
596444
59575153
58GREEN
5893
588588
5877
585885
58585
57ford
579579
577777
577191
5771
57595153
575859
575575
5733
5714
56chevy
569874123
5679
567666
56745674
567123
5666
5658
5647382910
56468553
56465646
564236
5611
5595
5585
5566778899
556633
556611
55558888
555566
55555t
5552
554411
553zolf21
5534
553322
55277835
55255525
5514
551255
5511
54chevy
5495
5468
546252
5459
5451
5443
5436
54322q22345
5425
5407
538538
5380
5374
53665366
5361
5346
5344
5341
5324
53115311
5310
5305
5281
5273
52545658
525352
5247
523614
522552
5218
5215
52145214
5206
5205
5196
5177
5138825
5136
5090
50694201
504504
5036
5021
501501
500705738
50005000
