2000
222222
232323
2112
212121
2222
252525
242424
202020
22222222
2323
21122112
246810
2001
22222
272727
2121
2002
2525
262626
2468
25802580
258456
2020
2424
234567
23232323
223344
282828
2222222
21212121
222333
292929
20102010
200000
2003
2128506
20002000
20012001
2004
235689
25252525
2345
2010
24682468
2005
2580
21031988
2727
2469
24242424
258852
225588
20202020
22041987
2008
20022002
26061987
21031987
258258
24061986
22021989
21011989
20061988
23456789
23041987
28041987
25081988
24011985
20111986
28021992
25800852
22011988
29071983
29051989
29011985
28021990
28011987
27061988
25121987
25031987
24680
22021986
21031990
20091991
20031987
224466
22071986
21101986
21051991
20091988
2009
20051988
27081990
26031988
258369
25091987
25041988
24111989
23021986
22041988
22031984
21051988
25091990
25011990
24111987
23031990
22061988
21011991
21011988
258963
25101988
23051985
23041986
23021989
22121987
22091988
22071987
22021988
2006
20052005
29071985
29061990
27071987
27061985
27041990
26031990
24031988
23051990
2211
22011986
21061986
20121989
20092009
20091986
20081991
20041988
20041986
29051985
2626
26061985
25111987
25071990
22081986
22061989
21061985
20082008
20021988
29061989
28051987
27081986
25061985
25011986
24091986
24061988
24031990
21081987
21041992
20031991
2001112
28051986
28021985
27031989
26021987
25101989
25061986
25041985
25011985
24061987
23021985
23011985
223322
22121986
22121983
22081983
22071989
22061987
22061941
22041986
22021985
21021985
2007
20031988
29121987
29111989
29081990
29081985
29051990
27272727
27091985
27031987
26031987
26031984
24051990
23061990
22061990
22041985
22031991
22021990
21111985
21041985
20021986
29011987
28071986
28021986
27051987
27011988
26051988
26041991
26041986
25011993
24121986
24061992
24021991
24011990
23051986
23021988
23011990
21121986
21111990
21071989
20071986
20051985
20011989
2fast4u
29041985
28121984
28061986
28041992
28031982
27111985
27021991
26111985
26101986
26091986
26031986
25021988
24111990
24101986
24071987
24011987
23051991
23051987
23031987
222777
22071983
22051986
21101989
21071987
21051986
20081986
20061986
20031986
20021985
20011988
28071987
28051990
28051985
27041985
26071987
26061986
26051986
25121985
25051985
24081988
24041988
24031987
24021988
23skidoo
23121986
23091987
23071985
23061992
22111985
22091986
22081991
22071990
22061985
21081985
21071992
21021987
20101988
20061984
20051989
20041990
29061988
29061985
29031988
28061988
27061983
27031986
27021990
26101987
26071989
26071986
25081986
25061987
25051987
25041991
24101989
24071991
23111987
23091986
23051983
23031986
2222222222
22121989
22071991
22051991
22011985
21121985
21031985
20121988
20121986
20061990
20051987
29091987
29061986
29011982
2828
28101986
28081990
28081986
28011988
27111989
27031992
27021992
26081986
25081985
25031991
25031983
24121987
24091991
23111989
23091989
23091985
23061989
22091991
22071985
22071984
22061984
22051989
22051987
22031986
22011992
21061988
21031984
20071988
20061983
20041985
29041988
27091991
26121989
26061989
26031991
25111991
25031984
25021986
24121989
24121988
24101990
24101984
24071992
24051989
24041986
23091991
23061987
23041988
23021992
23021983
22111988
22091990
22091984
22051988
21111986
21101988
21101987
21091989
21051990
21021989
20101987
20071984
20051983
20031990
20031985
20011983
29111988
29051992
29041989
29031990
28121989
28071985
28021983
27111990
27071988
26071984
26061991
26021992
26011990
26011986
25091991
25091989
25081989
25071987
25071985
25071983
25051988
25051980
25041987
25021985
24101991
24101988
24071990
24061985
24041985
24041984
23456
23111986
23101987
23041991
23031983
22071992
22071988
21121989
21111989
21111983
21101983
21041991
21041987
21031986
21021990
21021988
20081990
20061991
20061987
20032003
20031992
29121988
29121984
29111987
29081987
29081982
29071986
29051987
29041987
29031982
28071984
28061985
28051988
28041988
28021989
27101989
27101987
27091983
27061990
27051991
26121987
26111984
26051990
26041988
26041983
25091992
25081987
250588
25051989
24041990
23091982
23071986
23061985
23051984
23021991
22446688
22091987
22091985
22061991
22051990
22041991
21121988
21091990
21071990
21071985
21041990
21021986
20101986
20072007
20061980
20051986
20021991
20011987
29081988
29061984
29041986
29041984
29011990
29011988
28121990
28071988
280597
28051989
28041983
28011989
27091987
27091984
27071983
27061989
27051986
27011990
26081983
26041990
25121986
25111988
25081983
25021984
25021983
24081990
24061984
24021985
23061988
23041992
23031989
23021984
22081987
22031987
21121987
21091987
21081990
21061989
21041986
21011990
21011985
20111987
20061992
20051984
20021990
29101992
29091990
29071988
29041990
29031983
28121988
28121987
28121986
28081985
28061984
28041991
28041986
28031990
28021984
27121988
27051984
27041987
27021986
27011985
27011983
26121985
26121984
26091985
26021990
26011989
25091984
25041984
25041983
24121990
24121984
24101987
24011989
24011986
23071988
23021987
23011992
2212
22101988
22091983
22081990
22081985
21071986
21071983
21061987
21051989
21051983
21011986
20121985
20111984
20071985
20011985
29091986
29071990
29011983
28101988
28091984
28081984
28071989
28061990
28051981
28031984
27121986
27081989
26111987
26051987
25121982
25091988
25071989
25071986
25051992
25051990
25011991
25011988
24121985
24081987
24071989
24061990
23111990
23081986
23061983
23031988
23021990
23011989
23011988
23011984
2233
22111991
22031990
22021984
22011991
21212
21121984
21031991
21011992
2012
20091984
20071990
20071981
20061989
20051992
20041981
2hot4u
2929
29121985
29091991
29081983
29071987
29061987
28111987
28111986
28091992
28091985
28061983
27101990
27071984
27051989
27041989
27041988
27031985
26091991
26091984
26081985
26071990
26041984
26021985
26011981
25121989
25091985
25051984
2501
24101985
24071988
24071986
24051987
24051986
24041992
24041991
24021987
24021986
23101988
23081984
23041990
23031985
23021993
22111989
22101991
22041993
22041990
21091988
21091986
21091984
21051985
20spanks
20091983
20031984
20011991
20011984
29101991
29101985
29011992
28111984
28091990
28091987
28091982
28051983
28031986
28021981
27071991
27071982
27041993
27031983
27011986
26121990
26121983
26101989
26101984
26091989
26091988
26031992
26011993
26011987
25252
25101990
25101986
25091986
25031988
25021987
25021978
24101980
24051985
24021990
23232
2312
23111985
23111982
23091988
23091983
23081990
22111982
22101985
22051980
22041983
22011989
214365
21121980
21041989
21021984
21021983
21011987
20081987
20062006
20061981
20021981
29121986
29111983
29091985
29091982
29051988
29051986
29051984
29031989
29031986
29021988
28111990
28071983
28051992
28041989
28031991
28031988
28031983
27101992
27071990
27071985
27061984
27021987
26111989
26061983
26031985
26021989
26011988
258000
25121990
25111989
25111986
25041989
25041980
250388
25031992
25031986
25021990
25021989
25011987
24681012
24121982
24111983
24091990
24081986
24061989
24021989
23071984
23061980
23051988
23041985
23011991
23011982
22121982
22111990
22101987
22101981
22041989
21121992
21061990
21051987
21051984
20121987
20111985
2011
20051981
20041992
20041984
20031980
20021983
20011981
2sweet
29091980
29081986
29041992
29031991
27101986
27081985
27071989
27071986
27051992
27051985
27031990
26111986
26021988
25121983
25111992
25031993
24051979
24031985
24021983
24011992
24011991
24011983
2369
232425
23121983
23101990
23091994
23081991
23081988
23041989
23031991
23031980
23011980
22121985
22101989
22101983
22031989
22021992
22021987
22011993
22011987
21111992
21091985
21071994
21071982
21061983
21031981
20121990
20121982
20081988
20081985
20081984
20042004
20031983
20021992
20021989
20021987
20021980
29111985
29071993
29051991
29011991
29011980
28111982
28101991
28091988
28041990
28021988
28011991
27121990
27121981
27111992
27111984
27081988
27031984
27021985
26071985
26061990
26041987
25111985
25081994
25071984
25051986
25051983
24111988
24111985
24111982
24091988
24091984
24081985
24051991
24041987
24031989
24031981
24031980
24021984
24011988
24011984
23051989
23041984
23041983
2300mj
2244
222111
22061982
22051985
2205
22021994
22011990
21121991
21101980
21091991
21081991
21081988
21081986
21061991
21041988
21041983
21031992
20101984
20101982
20091985
20021993
2wsx3edc
29101990
29071982
29061982
29031987
28111989
28101985
28091993
28091986
28071993
28071982
28061989
28031989
27121989
27111986
27111982
27081987
27051988
27041983
27011982
26121986
26111978
26101988
26101983
26041989
26031982
26021986
26011985
25111990
25091983
25071992
25061984
25051991
25041992
25021994
25011983
24111992
24111991
2411
24051988
24041989
23121984
23101981
23091984
23071992
23071981
23021982
22111986
21081980
21061980
21051979
21021992
21021991
210187
20202
20121984
20111989
20081989
20071983
20061985
20041987
20041980
20031989
20021982
20011986
29121989
29121982
29101986
29101982
29091988
29041982
29011993
29011989
28071991
28051991
28051984
28031985
28021991
28011984
27731828
27101985
27051990
27031988
27021984
26111992
26081989
26081988
26071983
26071982
26051993
25101991
25101987
25101985
25061992
25061988
25041990
25031980
250185
25011989
25011982
24091989
24091987
24091985
24081982
24031984
24031983
24021993
23121990
23121989
23121982
23101986
23101985
23091992
23081985
23041993
23041982
23011987
2277
2255
22121988
22121984
22121978
22111987
22101990
22091981
22071981
22011982
21111984
21071988
21071984
21051993
20091989
20091987
20051991
20041983
20011979
29121981
29111982
29101984
29091984
29071981
29061991
28111988
28091989
28081988
28051980
28031981
28011985
27121982
27091988
27041986
27031993
27031991
27011987
27011981
26081987
26051985
26031980
26011991
25121988
25121984
25111982
25111978
2510
25071978
25051981
25041986
2504
25031989
24111981
24081984
24031991
231287
23121991
23111988
2311
23101992
23081992
23071989
23051980
23041996
23021977
22121992
22111983
22081981
2208
22051984
22051982
22041992
22041984
22031981
22011984
21121978
21111988
21101984
21101981
21081989
21061993
21061992
21041984
21011984
21011981
20091990
20081982
20071993
20061982
20011992
20011980
29121992
29101989
29091989
29091983
29071980
29041980
29021984
29011984
28111985
28101989
28101979
28061981
28011986
27111978
27081984
27021988
27011989
2663
26121988
26121981
26111988
26101985
26101981
26081990
26051992
26051989
26031989
26011992
26011984
25121991
25091982
25071981
25071980
25061983
25061981
25031985
25031982
25011984
2412
24101994
24071982
24051984
24041983
23121988
23111991
23111984
23111983
23081983
23061991
23061986
23051981
230383
23031984
23021978
228228
22334455
220689
22061992
22041982
21101990
21101982
21091982
20111991
20111990
20101992
20101990
20101985
20071987
20021984
20011990
29121990
29101988
29091977
29061983
29041993
29011986
28111983
28101992
28091991
28091981
28081989
28071990
28071978
28061991
28041980
28011983
27111991
27111988
27091990
27091989
27061980
27051983
27011984
26111991
26111982
260989
26091990
26091987
26071992
26031983
26011979
25101983
25101978
25071991
25051993
25031994
25021992
25011994
24101983
24081992
24071984
24071983
23101984
23101982
23071991
23071990
23071982
23061984
23061976
23051978
23031992
2303
23021981
23021975
23011983
23011981
222555
221288
22111979
22091989
22081992
22081989
22051981
22041976
22011983
22011975
213213
211212
21091980
21061984
21041994
21041993
21041978
21031989
2101
20071992
20071989
20041989
29111984
29081991
29081989
29071991
29071989
29061981
29051993
29041994
29031993
28121985
28111991
28081981
28071981
28031987
28021987
28021978
28011992
28011990
27121991
27111987
27101991
27091979
27071994
26121991
26101990
26091981
26081992
26081981
26071991
26071988
26071979
260686
26061992
26051983
26041985
26021991
25121980
251188
25111980
2511
25081993
25081984
25071988
25061990
250482
25031979
25021991
24121993
241086
24091982
24081989
240685
24061991
240588
24051993
24051992
24031992
24031982
24011982
234234
23121987
23121985
23081980
230688
23051982
23031982
23011986
22121990
22101984
22101978
22091977
22061981
220583
22051983
220488
22041981
22041979
22031983
22021991
21111987
21111982
211086
21101985
21051981
21031983
2103
20101991
20081993
20081983
200788
20071982
20031981
20011982
29121991
29091993
29091981
29071992
29041983
29031985
29031984
29021980
28121983
28121982
28121981
280888
28081991
28061982
28051993
28031979
28011981
27101983
27051993
27041984
27021982
26121977
26101992
26101982
26061981
26051984
26021984
26011983
25081991
25081980
250789
250787
25061994
25061991
25061989
250585
25051995
25051982
25051979
2505
25041979
25031990
24121981
24111984
24091981
240586
24031986
24021994
24011981
2356
23101991
23101979
23091990
23091978
23081989
23081987
23081977
23061979
23051992
23041977
230289
23021973
22101992
22091982
22081977
22071982
22061986
22051992
22031985
22031978
22021982
22021980
2202
21121983
21121981
21121977
21111981
21101992
21101991
21091983
21081981
21051982
21031993
21011983
20112011
20111982
20101989
20101983
200888
20071991
20051990
20051980
20041991
200383
20031993
29121993
29111980
29101993
29061992
29051982
29051980
29041991
29031995
28101987
28061992
28021993
27121987
27121984
27101993
27081983
27061992
27061986
27051982
27041982
27021983
26111979
26091980
26071993
26061988
26061984
26051982
26031981
25111979
251086
25101992
25101984
250486
25041982
25041981
25041977
25021993
25021982
25011992
24121983
24111980
24111979
24091979
24041982
24021981
24011979
2345678
23121992
231189
23081982
23071987
23041981
23031993
23031978
222444
22111978
22071993
22061980
2206
220388
22031994
22031988
21111991
21101978
210586
21031994
20121983
20101981
20091995
20091992
20081992
20041993
20031976
20021994
29111991
29091994
29091979
29081992
29081984
29081979
29071984
29051976
28101990
28101984
28101981
28091979
28081992
28081987
28041984
28021994
27121980
27101984
27101982
27101980
270988
27091981
27091980
27061991
27061987
27041992
27041981
270388
27021993
27021989
27021981
261288
261184
26101979
26081991
260789
26061977
260285
26021993
2506
25051975
250484
25000
24111978
240787
24071985
24061983
24051983
240484
24041978
24021982
24011994
23121993
23121981
231089
23101989
23101983
230888
23071980
23061981
23021980
224488
22121980
22111984
22101986
220990
22081984
22061983
220586
22051979
22021983
22011980
21121993
21091981
21071991
21071981
21071980
21061979
21041982
21041980
210388
21021981
20111993
20111980
201087
20101979
20091981
20091979
20081998
20071979
200688
20051982
20021978
29111990
29111977
29061993
29051983
28121992
28111980
280886
28071992
28041985
28031992
28021995
28021975
28011993
28011977
28011974
27121983
27101977
27091986
27081979
27071993
27071981
27061982
27041994
2611
26071980
260586
26041982
26041978
25121993
251088
25101982
250986
25081992
25081990
250688
25061993
25061982
25041993
25011978
24111986
24101982
2410
24091992
24091976
24081983
24071978
24051982
24031994
24021978
2315
23061994
23041980
23031994
221184
22091992
220690
22051993
22041980
220390
220387
22031979
22021978
220185
211221
21091977
21081984
21081976
210787
210686
21051992
210487
21031977
21021980
21011980
20121991
20121979
201190
20111992
20111983
20081980
200587
20041982
20031982
20031979
291286
29111981
291084
29061980
29051981
281185
28091983
280884
280882
28071976
280690
28061993
28061987
28051979
28041975
28011980
27121977
271185
270886
27081993
270787
27071979
27071977
27061981
27031982
27031981
27011991
26262626
26121995
26121992
26081984
26071994
26051991
26031993
26011995
258258258
255255
253634
25111983
25091978
25091976
25081979
25071982
25051976
250383
24681
24121979
24071979
24061982
24041979
24011993
24011978
2337
231183
23111981
23111979
23091993
23071977
230588
2305
230487
230486
23031981
23021979
2288
22121991
221188
22111975
22091978
22081980
22061993
22061977
220587
22031992
22021977
220187
211288
21121979
2110
21081983
21071979
21061982
210588
210386
21031982
21021982
21021976
20121976
20111988
20111978
20111974
20101978
20051994
200487
29111986
29101981
29091992
29091978
29071979
29051979
28121991
281183
28101993
28101983
28091994
28081993
280786
280588
28051978
28041993
28041977
27121992
27121985
27101988
27091994
27091978
27081992
270790
270789
270784
27071992
270289
27021979
27011993
27011980
26exkp
26111990
26101991
26101978
26091982
26081982
26071981
26061993
26051981
260190
25111981
25071993
25061977
250386
25021981
241286
24121980
24081979
24061977
24041981
24021980
240185
24011980
2401
23121980
231185
231088
231081
23091980
23081981
23071996
23071978
230689
23061993
23061978
230584
23031979
23021995
23021994
230190
230189
23011995
23011993
221287
22121993
22111992
221090
22101980
22081988
22071976
22061976
22051995
22031980
220291
22011981
21121990
2111
21101995
210990
21081982
21081979
21041981
21011993
21011979
2055
20121980
20121977
20111981
20071980
20061979
20061977
2w3e4r
2943
29101983
29031994
29031992
29031981
28282828
28121993
28121980
28101977
28101974
27111983
27111981
270986
27081980
270788
27071975
27061975
27041991
270386
26121980
261088
260790
26071978
26061994
26051994
26031976
26021981
251289
25121977
251080
25101993
25101981
250583
25041995
250188
25011995
25011980
24862486
241091
24101981
240889
24081993
240784
24061981
240590
24041995
240388
240386
24021992
240187
23121977
23111980
23091979
230590
230586
23051993
221177
221086
22101993
22091993
22091980
22091979
220790
220788
22071978
22041994
22041978
22041974
22031982
211289
211285
21111975
21081992
210690
210685
21061981
21031979
21021994
21021979
210210
210188
21011982
201283
200990
20091994
20081996
20061974
20051977
200483
200184
20011995
2wsxzaq1
29121977
290788
290785
290687
290589
29051995
29051978
29041979
29041976
29041974
290386
29031980
29011977
28121975
28111994
2811
28091977
28041995
28041978
2801
271286
27111980
27091992
27081991
27081982
27081981
27041995
27031980
270290
270183
27011995
27011977
26121982
26091983
26091978
26071995
260689
26061982
260590
260585
260490
26041993
26041980
2603
260290
26021978
25121992
25111984
25111977
250987
25091996
25091980
250884
25061980
250292
250288
250283
2502
250189
2500
246813579
24121991
24111993
24111976
241089
24091983
2407
24061993
24061980
24051981
24051980
240489
24031977
233223
231280
23101993
23091975
23081995
230791
230782
230686
2306
230585
230187
23011978
23011975
22121994
22111994
22101979
22091994
22071980
220687
220686
22061979
22061978
220581
2203
22021993
22011994
2124
21091994
210786
21071993
210490
21041975
210383
21031978
21021978
210186
21011995
201289
20121993
20121981
201085
20101980
200989
20071994
200689
20061993
20051978
20021976
200200
20011993
20011976
29121978
29091976
29061976
290388
29031996
29031977
29021992
28121994
28081980
28081979
28071979
280585
28051976
28021982
271828
27111979
27101981
270885
27071980
27061995
27061993
27061979
27061976
27051981
27051980
27051976
27051975
270485
27041978
27031978
27031976
270283
27011992
27011976
26121994
26101980
26081994
26071976
26071974
26061980
260488
260381
26021982
26021979
26021977
26011994
251286
2512
251087
250981
250886
25081982
250788
250590
250586
250582
25031981
25011981
2442
241290
24121992
241182
24111975
240988
24081981
240782
24071980
24071974
240684
24061979
24061975
24051977
240485
240479
24041994
24041980
240384
240285
235711
23176djivanfros
231286
231190
231188
230986
23091977
230785
230687
230283
23011994
23011976
2274
2234562
22111976
221089
221084
2210
220986
22081996
22081994
22081982
22071995
22071994
22071979
22071977
22061996
220486
220485
22041970
220391
22031993
220292
220186
211186
210984
21091993
210890
21071978
210684
21061975
21051994
21051980
210489
21041979
210385
21021993
20121992
20121975
20111979
201086
20091980
20091978
20081981
20051975
20021979
20011977
2cool4u
29121983
29121979
291085
29101987
29101979
29101976
290981
29081994
290786
290585
290484
29031979
29031976
28121977
281184
28111993
28111981
28111978
28111975
281086
280988
28071974
2805
280490
28041981
280388
28031993
28031978
280289
280285
28021980
28021973
28011982
271184
270985
270282
27021996
27021976
261090
26091994
260793
26051976
26041973
2604
26031979
26021983
26021975
2552
251283
25121979
251181
25111975
251085
251084
25091993
25091981
25081981
250785
250685
250589
250587
25041976
25031977
25021980
25011976
25011973
241285
241281
241085
24091980
24081991
240690
240680
24061978
240487
24041974
240385
240383
23121976
231182
23111992
231090
2310
230987
23091981
230883
230882
230789
230788
23071993
23071983
230690
230491
230485
23041978
23041975
23031995
230291
230284
230185
23011997
22121979
22111981
221087
220883
22081975
220787
22061994
22051994
22031976
220188
22011978
2201
212223
21111980
21101976
210988
21081994
210591
210488
210384
210290
210191
201088
20101994
20101977
20091982
200882
20081977
200789
20061973
200590
200588
20051993
20051979
200488
200385
20021977
291296
290989
290688
290681
29061995
29061994
290584
29041978
29011976
281283
28121979
28091995
28091978
280885
28081983
28081982
280686
280586
280487
28041982
280391
28021996
28011975
271189
2711
27101979
27091982
27071978
270684
270585
27051972
270187
261183
261083
26101993
26071996
26071977
260681
26061976
26051980
260390
260280
26021980
2601
258741
251280
25121981
251182
251089
25091979
25091977
250790
25071994
25071979
2507
250686
250681
25061976
25051977
25041994
25031996
24601
241282
240985
240789
240786
24071977
24051994
24051974
24041977
240286
240183
24011975
2332
2324
231288
23121994
231187
231186
23111971
231082
23101980
23091974
230889
230792
230780
230591
23051995
23051979
23051977
23051975
23041979
23011970
2301
222222222
221289
221283
22121995
22121981
22111993
22101982
22091970
220886
220884
22081993
220791
220789
2207
220685
220683
220677
220585
220386
220385
22021981
2112rush
21121994
21121982
21121973
210987
21081996
21081995
21081975
210695
210689
210589
210395
210381
21031980
21011994
201286
20121978
201186
20111996
200993
20091977
200889
200886
200784
20061994
20041975
200386
20031995
20021974
20021967
2wsxcde3
29121980
29111976
29111973
291092
291080
290988
29091972
29081980
290787
29071975
290689
29061974
290488
29041975
290383
281290
28121976
28111995
28071980
28071975
280689
280592
28051977
280488
280390
280386
280384
28031995
28031994
28031980
28031974
28021977
280188
271287
27121979
27101978
27101976
270991
270987
270785
27051994
27051979
270487
27031994
27021995
270189
270184
27011979
27011978
261187
26111983
26111981
261082
26091995
26061979
26051977
26041996
260384
26031977
260289
26011980
25111993
251083
25091994
25081995
25071976
25061995
250584
25051978
250286
250190
25011979
25011975
243462536
241289
24121976
241190
241189
24111995
241088
24101977
240984
240887
24081980
240688
24051996
24051971
24031978
2402
231191
231184
23111993
231086
230680
23061982
230578
23041995
2304
230390
230288
23021976
230191
224422
221286
221281
220692
220588
220578
220484
22041973
2204
220389
220281
220184
22011972
21125150
21121976
211190
211188
21111979
211087
21101993
210989
210981
21071976
210688
21061976
210483
210190
210184
210183
2100
201184
20101993
20081979
20081978
20071975
200690
200586
20051995
200489
200484
20041996
20041994
20031975
20031970
200285
20011978
20011972
2FcHbG
29292929
29101978
290991
290990
29091975
290789
29071976
29051977
290487
290483
29031975
29011981
29011978
281288
28121978
281191
281189
281182
281089
28101978
280984
28091980
28081978
280788
28071977
280688
28061976
2806
28051994
28041994
280385
28021979
28011979
28011976
27121994
271188
271180
27111993
271092
27101975
270888
270884
27081994
270782
270777
270690
270689
27061996
27061978
270583
27041974
270389
270385
270288
270284
27021994
27021977
27011975
261286
261189
261181
26111976
261081
26091996
26091992
26091974
260888
260883
26081979
260688
260587
2605
26041981
26041979
260386
260385
26021994
26021976
26011982
25121978
251186
2509
250577
250483
250481
250385
250382
25031995
25031976
25021997
250184
242526
241192
241084
241078
240982
24081977
240788
240691
240682
240591
240585
24051978
24051976
240490
240486
24041993
240387
24011977
23111975
23101976
230990
230988
23071976
23071975
23071974
230692
230685
230681
230583
230391
230388
230290
23011996
222888
221186
221183
221078
22101996
22101972
220988
220887
22081978
220784
220590
220589
220290
220289
220288
220279
22021974
22021973
22011974
2122
21111995
210790
21071995
21071975
2106
21051972
210485
21041977
210382
210283
21021977
210185
21011976
21011974
20111975
201083
201020
200991
200986
20091975
200887
20071976
200684
20061997
20061995
20061978
200592
200589
200584
200494
20041978
20041977
20041976
20041973
20031974
200288
200284
2girls
291284
291282
2911
29101980
290985
29091995
290888
29081995
29081981
29071995
290682
29061979
29061972
290581
29041977
290390
290387
290380
290188
290187
281190
28111992
28101996
28101982
280889
28071994
280691
28061978
280590
280584
280492
28041979
28031976
280280
280184
28011978
27121993
271181
270983
27091973
270890
270889
270873_
27081976
27071974
27051977
270486
270483
270482
27041980
27041979
27041977
27041975
27021978
27021975
27011994
26121993
261186
26111977
261087
261084
260986
26081996
26081980
260786
260785
260683
26061995
260589
260493
260482
260477
26041994
260188
260187
2583458
25251325
251284
25121997
25121994
25121974
251184
25111976
250990
25091995
25091972
250891
250890
250883
250882
25081978
250783
250780
25061979
25061978
250595
250485
250480
25041997
25041974
250380
2503
25021979
25021976
241291
24121973
241183
24101992
24101978
2409
240890
24081974
240790
240783
240779
24071981
240689
24061994
24061976
24041975
24031975
24021976
231291
231290
231281
23111994
23111973
230887
23081979
23071979
230684
230589
230386
230384
230287
23021974
23021970
23011979
23011977
23011972
2227
221285
221191
22112211
22101994
220890
22081979
220786
220785
220777
220584
220487
22041977
220383
22021996
22011998
22011979
22011976
2134
211286
211283
21121974
211211
211187
211181
211085
21101977
210985
210982
21091992
21091971
210879
210783
210687
21061978
21061974
21051976
210495
210387
21031975
21011977
21011973
201282
20121994
20121973
201182
201089
20091974
200881
20082009
20081994
20071978
200685
20051996
20041979
20041970
20001
2w3e4r5t
2sexy2ho
291291
29111993
29101977
2910
290987
290790
29071994
29071978
29071974
290590
290588
290486
29041996
29041995
290180
281192
281085
280990
280987
280880
28081995
28081973
280687
28041971
280389
28031975
2802
280187
271288
271090
271087
271081
270989
27091996
270685
270683
270589
270586
270490
270488
27031974
27031973
261284
26121996
26121979
26121978
261192
261188
261178
26111973
261089
26101977
26091979
26081995
26081993
26081977
260788
26071972
26061975
26051995
26051978
26051975
260489
26041992
26041970
26031974
260279
26021996
26021995
260185
26011975
2580456
25121975
251185
25101994
25101977
25101975
250989
250988
250984
25091975
25081997
250784
25071975
250687
250684
25061973
250592
25051994
250489
25041978
250390
25031978
250287
25021972
250187
250186
241284
24121970
241186
241181
241079
24101993
240990
24091995
24091978
24091977
24091973
240884
24081978
2406
240583
24051975
2405
240389
24031995
24031976
240290
24011976
231289
230982
230981
230980
230885
23081976
230790
230679
230577
23051994
23021996
23021972
230188
2223
221284
22121977
221193
221190
22111995
22111973
220984
22081976
22081971
22071972
220691
220688
220678
22061974
22051978
22031977
22021995
22011995
211287
211269
21111976
21111974
210992
210983
21091979
21091975
210882
21081974
21061995
210590
210587
21051996
21051975
21051973
210486
21041973
210282
21021972
210182
21011998
21011975
21011970
201285
201081
20101975
20091993
20091976
20091973
200791
200787
20071974
200582
200384
20021970
20011994
291290
29121973
291185
29111979
290986
29091974
29081993
290777
29071977
290684
29051972
290489
29041972
29031978
29011979
282860
281287
28121974
281188
281186
280983
28091976
280789
28061994
28061980
28051982
28051974
2804
280387
271282
271190
27111977
27101994
27101974
2710
270990
27091977
27061994
270588
270587
270581
270578
27051978
27051974
2705
27041976
270375
27031997
27031977
27021980
2627
261291
261282
261190
26111974
26101994
260984
26091993
26091972
260784
260782
26071975
260690
260581
26051973
260484
26041995
260389
26031995
260291
25962596
251183
251179
251090
25081996
250791
250683
25051973
25051972
250479
25041996
25041973
250291
250285
250180
241280
241087
24101997
24101971
240981
24091974
240888
24081975
24071993
24071972
240483
2404
24031979
240192
240188
232629
2326
231282
23121979
23121978
231192
231087
23101977
230994
230991
230984
23091972
2309
23081994
230784
23071971
230683
23061977
23049307
23041974
230387
23031977
23031976
230293
230285
230280
23011974
225522
2235
221282
22101995
22101977
22101976
22101973
220980
220885
220881
220879
22081997
220693
220684
22051977
22051971
220491
22031972
220293
220272
2114
211282
211189
211092
21101979
21101975
21091978
21091976
21071977
21061994
2105
210484
210482
210389
210289
210181
203040
2020327
201179
20111995
201082
201079
200984
200982
200883
200879
20081969
20071995
20071972
200686
200683
200485
200482
200390
200387
20031996
20021996
20021971
200181
20011975
20011970
20011968
2n6Wvq
2hot
291188
291183
291182
29111978
29101995
29101994
290982
290891
290881
29081978
29071970
290691
29061978
29061971
290586
29051994
29051975
290490
29011994
29011972
281289
2812
281092
281084
28091975
28081997
28081996
28081974
28071995
280587
28051975
28051973
280489
280381
280290
280288
280284
28021997
28021976
28011994
28011972
27121976
27121975
271178
27111975
271086
27091993
27091974
27091971
27081978
27081975
270783
27071976
270686
270682
27061977
270584
270489
270484
270384
270292
27021973
261185
26101975
260982
26081978
2608
260783
260779
26061978
26061974
260486
260481
26041976
26031978
26031973
26031970
260288
260282
260182
2600
256256
2536
252627
251287
251190
251081
25101980
25101979
25101976
25101974
250892
250888
250885
250869
25081976
25081975
25071995
250574
25041971
25021977
25021974
25011974
24121994
24121977
24121975
241184
241178
24111994
24101976
240991
24091975
240882
24081994
24081976
24071975
24061995
240592
240589
24051995
24041996
24031974
2403
24021996
240184
24011996
2366
2355
231285
23121997
23121975
231181
23111972
231092
231084
231079
23101978
230985
230786
230781
23071994
23071972
230587
230575
23051972
23051971
230489
23041994
23021966
230186
22442244
2232
22121976
221181
221176
221088
221081
220983
22091995
22091975
220889
220783
22071997
220681
220641
22051996
22051973
22041975
220393
220283
220278
22021979
22021975
22021971
22011996
21252125
211183
21111993
21111977
211084
210993
21091995
21091970
210892
210889
210887
210886
210880
21081993
2108
2107
210683
21061996
21061977
210584
21051977
210492
21041976
21031968
210285
21021997
201294
201288
20122012
201183
20101971
200981
20091996
200885
20081976
20081974
200779
20071998
200687
20061972
20051997
20051968
200490
200388
20031998
20031994
20031977
2002tii
200189
2w2w2w
2good4u
2bad4u
29121994
29121975
2912
291087
290979
29091971
29081976
290783
2907
290683
29051969
29041981
290389
290385
290186
290181
281286
28111977
28111976
28111973
28111972
281088
281087
281082
28101980
280985
28081976
280783
28061973
28051995
280292
280286
280193
280183
280181
27121996
27121978
27121972
271195
271187
271186
27101995
27091995
27081977
270779
270778
27071973
270691
270688
270680
27061974
270593
270582
270481
270479
27041970
27031998
27031979
270182
261290
261283
261278
26101974
2610
260987
260887
260886
260878
260791
26071973
260584
26051979
26051974
260383
260283
26011978
26011977
26011976
258025
25101995
250983
25091970
250895
250881
25081971
250779
25071974
25061975
250575
250487
250391
25031997
25031972
25031971
25031959
25021996
25011977
24692469
241179
24111977
241090
241083
24101979
240979
24091994
24091971
240883
240877
2408
240780
24071995
24071976
240694
24061971
24061969
240582
240580
240494
240488
240482
24041976
24031993
24031972
24021977
24011995
23121974
231179
23111978
23111977
23111976
231085
230992
230989
23091995
23081975
23071973
23061995
23061975
230579
23051976
230484
230480
23041972
23031975
230286
230184
230182
230176
221292
221189
22111977
221091
22101997
22091974
22081995
220793
220782
220680
220477
22041995
22041966
22021976
220193
22011997
22011973
22011971
211191
211184
21111978
211088
21081978
21081977
21081971
21071973
210691
210572
210491
21041972
2104
210380
21021996
21021995
21011978
20142014
201287
201281
20121996
20121971
201180
201177
20111977
201090
200876
20071973
200679
200581
20051976
20051973
200481
200480
20031978
20011996
200100
2kgWai
2bigtits
2b8riEDT
291289
291288
291285
291186
291178
29111994
291089
291086
29101975
2909
29081975
290775
29071973
29061973
29051996
290481
290185
281282
281271
28121995
28121971
28111979
281091
281083
28101995
28101976
280989
280979
280971
28091973
280881
280879
28081975
28071972
28071971
28071970
280683
28031977
280287
28021970
280191
280189
280180
28011970
271290
271285
271283
271271
27111973
271088
271080
27081968
270792
27071996
27071995
270681
270382
270381
270291
27011974
261180
261085
261080
26101995
26101972
260882
26081970
260691
260685
260678
260592
26051971
260387
260292
260189
2514
251291
251282
25121996
25111973
25111971
250982
250979
25091973
250889
250887
25081977
2508
250786
250692
250691
250690
250679
25051974
25041969
250393
250387
250384
25031974
250191
250183
2486
247365
241292
241188
24111971
240995
240986
24091993
24081995
240781
24071994
240686
240287
24021975
240189
240182
23dp4x
237081a
231292
231284
231180
231091
231083
231080
23101974
23091970
23081978
230691
230594
230582
23051996
230479
23041997
23041976
230393
230389
230373
23031973
23031972
230282
23021971
2302
230180
2248
2236
221280
22122000
221185
221133
22111974
221085
22101974
2209
220880
220781
22071975
22061972
220579
22041997
220378
22031995
22031974
22031963
220287
220286
22021997
220182
22011970
211284
211278
21121971
211176
21111994
211083
211080
21101973
21091974
21091973
21091972
210888
21081973
21081970
210789
210788
210782
210682
210681
210585
21041997
210391
21031995
210288
210287
21011971
201jedlz
201192
201187
201181
20102000
20101995
200880
200780
200682
20061976
20051974
20051972
20041995
20041971
200291
200290
200289
200286
200280
200277
20021998
20021973
200187
200180
29111995
29101971
29101962
290890
29081996
290776
290680
290592
290576
29051997
29051971
29051970
290482
29041998
290379
29031968
290288
29021976
290191
290184
28121973
28111974
280992
280986
280892
28081994
280791
280790
280784
280782
280781
280675
28061979
280581
280579
280578
28051996
280486
28041973
280377
280376
28031996
280282
280182
28011973
2741001
271289
271284
271183
271179
27111994
27111970
270981
270891
27081974
27071972
27071969
2706
270387
2703
270285
2702
270193
270190
270186
27011996
27011973
2701
2662
261289
261287
261285
261281
26121975
26121972
26121971
26111993
26111975
260991
260983
26091976
26091969
2609
26081975
260687
260684
260676
26061973
260588
260583
260492
260491
26041972
26041971
260392
260388
260382
260380
26031997
26031994
260192
26011972
25262526
251290
251288
251274
251177
251078
250880
250876
25081974
25081972
25071970
250693
250689
250581
25052005
250488
250477
25041972
250389
25031998
250289
25021975
25021973
250182
25011972
2448
2447
241288
241287
241077
24101968
240989
240879
24061974
240594
24051966
240491
24041969
240289
240288
24021979
240191
240178
240174
24011973
23452345
231278
23121973
23101971
23091976
230890
230879
230857z
23081996
23081973
23081969
23081968
230787
230776
23071968
230682
23061974
23061973
230580
23051973
230482
230481
23041971
230382
230380
230276
230192
23011973
23011966
2275
2234
2215
221279
221122
22111972
221083
220989
22091973
22071974
22071973
22061995
220596
22051972
220483
22041996
22041969
22031970
220285
220190
220181
2130
211222
21111969
21101994
21101971
210986
210975
210891
210793
210791
210781
21071971
210679
21061970
21061969
210581
210580
21051998
21051997
210379
210284
21021975
21021974
210192
210189
21011996
210000
20121995
201189
20111994
20111973
201084
20102011
20101973
200988
200983
20091968
200884
200792
200790
200783
200782
20072008
20071977
20061996
200583
200579
20051971
200389
200380
20031971
200292
200282
20021995
20021969
200190
20011967
2pac
291287
291281
291189
29111972
29111966
291091
29101997
290984
290889
290887
29081977
290779
29071997
29071972
290685
290679
29061977
290591
290587
290583
290580
29052000
290485
290480
29031972
29031971
2903
29011974
281281
2810
28091970
280878
28081977
28081965
280785
28071997
280682
280680
28061995
28061974
280575
28051971
28051970
280493
280484
280483
28041970
28031997
2803
280291
28021966
280190
280185
28011995
271182
271085
271082
2709
27081997
27071971
27071961
27061997
270579
270495
270493
270480
27041996
270390
27031995
27031975
270286
270281
270192
270188
270181
27011972
26121976
26111980
261086
261079
26101976
26101973
260zntpc
260990
26091977
26091970
260893
260679
26061996
260582
26051972
26051969
260483
26041977
260373
26021974
260183
26011974
2554
2531
2526
251285
251275
251192
251187
251178
25111997
250985
25081973
250781
250777
250776
25061974
25051971
250379
250377
25031975
25031973
250290
25021970
25021969
25012501
25011998
25011971
24PnZ6kc
248248
24681357
246800
2455
24121995
24121978
241187
241185
24101975
240983
240687
240681
24061973
240578
24051997
240395
240283
240282
240281
240181
24011971
24011970
235235
2333
2325
23121998
23101999
230891
230886
23081971
2308
230778
230777
23071997
230592
23051974
230483
230477
23041969
230378
23031996
230281
23021998
23021968
23011998
2221
22121975
221179
221172
22111980
22111969
221082
220993
220987
220985
220982
22091996
22081970
220780
22071971
220676
220595
22051975
220490
220394
220380
22031996
220282
220277
22021969
220192
220191
220189
220180
2154
21312131
2127
2112yyz
211294
211271
21121995
21111996
21111972
211076
2109
210885
210883
21081998
21081997
210778
21071969
210583
210582
210577
210575
21051978
210480
210393
21031971
21031966
210292
210176
201284
20111976
201078
200992
20091972
200785
200691
200681
200680
20061975
200580
200493
200486
200475
20041974
200382
20031997
200283
20022004
200193
200191
200186
20011998
20011974
2wsx1qaz
2kasH6Zq
291280
29111975
29111971
291088
29101974
290976
29091998
29091973
290879
2908
290686
29061997
290582
29041969
29041968
290284
29021972
290189
290183
29011973
281291
281285
281280
28111961
280974
28091974
28091972
280891
280887
280883
2808
280792
280787
28071969
280679
280677
28061977
28061972
280591
280583
280577
280485
28041974
280281
280186
28011997
28011971
2747
272829
271294
271291
27121970
27101971
270996
27091976
27091975
270881
27081973
27071967
270696
27061972
270594
270590
27051970
27051961
27051960
270491
27041973
27041972
27041965
270392
270279
27021997
27021970
27021967
270185
27011970
27011967
2612
261193
261177
26111997
26111972
26091975
260884
260781
26071969
2607
260692
260670
26061972
260591
26051996
26051968
260485
26041974
26031975
260284
26021971
26021970
260193
260186
26011996
26011966
2582
251279
251096
251095
251093
251079
25101972
25091971
25081970
25081962
250782
25071997
25071977
25071972
250682
25061996
25061971
250580
250576
250491
25041975
25031968
250284
250192
250175
25011996
2423
24121996
24121974
241177
24111973
24101996
240987
240894
240893
240892
240873
24081971
240785
240775
24071996
24061967
24051973
240493
24041973
240381
240379
240378
240293
24021995
24021973
24021972
24011997
24011972
24011968
234523
2327
231295
231283
231279
231231
23121996
23101996
23101972
230983
23091971
23091969
230876
23081993
230772
2307
230677
230392
230379
23031971
230193
230183
23011969
2300
2262
2245
221992
221290
22121974
22121962
221187
221096
220994
220981
22091976
220877
220792
220779
220778
220776
22061971
220582
220580
220493
220381
220376
22031975
220179
21crack
215487
2142
2131
211290
21121998
211200
211178
211093
211091
21101972
210795
210785
210784
210780
21071996
210674
21051974
210494
210396
21031996
21031976
21031974
21031973
21031970
210293
210281
21021998
21021973
2022
201290
201280
201279
20121972
20111971
201092
201076
200793
200768
20071971
20071968
200692
2004rj
20042000
200375
20031969
200281
200272
20021975
20011971
20011969
2wj2k9oj
299792458
291294
291283
29121999
29121976
291192
291179
29111996
29111992
291090
291079
290995
290983
29091969
290884
290883
290882
29081974
29081973
290792
290784
29061996
29061975
290569
29051973
2905
290478
290476
290475
29041973
290382
290377
29031974
29031973
290178
29011975
281278
281181
281180
28111997
281090
281072
280991
280982
280976
28081972
28071973
28061975
280589
280580
28051962
280479
280477
28041996
28041976
28041972
28041965
28041962
280395
280383
280380
280378
28031971
28031970
28031960
28021998
27121973
27111974
27111972
271084
271083
27101972
270894
270887
270883
270878
27081970
270794
270791
270786
27061973
270591
270580
27051995
27051971
270494
27041971
270383
270380
27031972
270278
27011999
26121970
26111994
26111971
261093
26101971
260985
26091968
26091961
260885
260877
260875
26081997
26081976
26081974
26081972
26071970
26061970
260594
260593
260580
26051970
26051967
260487
26042000
26041969
260391
26031999
26031972
26031971
260286
260260
26021997
260194
260191
260184
260178
260176
26011999
26011971
26011970
258789
2575
2541
25121995
25121976
25121972
25121971
251180
251092
251091
25101971
2509mmh
250977
25091974
25081969
25071996
25071973
25061967
250593
250571
250494
250492
25041960
25031965
250282
250278
250179
2481632
241271
24121997
241191
24101970
240977
24091996
240891
240886
240885
24071997
240678
240587
240584
240574
240573
240390
24031971
24031970
240278
24021970
240195
240193
240186
2357
233391
233233
23322332
2314
231276
23101994
23101973
230977
23091996
230892
230884
230880
230861
23081972
230794
230793
230571
23051997
23031974
230294
230277
23021999
230196
2287
227722
2266
22332233
223311
223223
221278
22121998
22121973
22121970
221180
221100
220979
220978
220977
220974
220891
220888
220594
220577
22051974
22051969
220481
22041968
220382
22031973
22031971
220284
220280
220195
220194
220176
22011977
22011966
22011964
2158
2147
213qwe879
2129
21242124
2123
211293
21121959
211185
211182
211075
21101970
21101968
210884
21081969
21071970
210693
210678
210676
21061972
210574
21051970
21041995
21041969
210394
21031972
2102
210194
210177
21011972
2040
201292
201194
20111972
201077
200977
200976
20091971
20091969
200892
200891
200878
20081995
200781
200778
200693
20061971
200591
200585
200379
200275
2bornot2
2b4dNvSX
291292
29121972
29121964
29111999
29111970
291082
291077
29101972
290880
290781
29071996
29071971
290694
29061998
290574
29051998
290479
290477
29041962
29021996
290192
290190
29011971
2829
281292
28121970
281175
28111970
281077
28101998
28101973
280794
280684
28061996
28061959
280593
280582
280557
28051997
28051969
280482
28031966
280279
28021974
28021972
280194
28011996
28011968
28011962
2772
27121974
27121967
271192
271191
27111976
271094
271089
27101996
270982
27081971
270781
2707
270676
270592
27051998
27031996
27021974
27021972
27021971
27021969
27021966
27021961
26121998
26121974
261182
26111995
261078
26101998
260994
26091973
260890
260881
260787
260680
26061971
26051997
260494
26041966
260393
260281
260276
26021973
26021964
260199
26012601
26012000
26011973
254xtpss
2524
251278
251189
25111972
25101996
25101973
25101964
250978
250893
250879
250875
250860
25081968
250773
250680
250677
250672
25051969
250474
250394
250373
250279
25021995
250194
246246
2444
2436
2416
241283
241278
241277
24121998
24121971
241193
24111972
24111967
24111961
241082
241072
24101995
24101974
24101972
240992
240978
24091998
24091972
240881
240878
24081973
24061999
24061972
240577
240492
240481
240480
24041964
240391
240382
240377
24031969
240291
24021998
240190
2400
23wesdxc
2375
23142314
231275
231269
23121971
231176
23111969
231096
231074
230972
23091973
230897
23081970
23071995
230669
23061972
230488
230374
23031967
23031966
230292
230271
23021969
23021962
230179
23011971
22882288
2267
22552255
2252
2230
2225
2224
2213
221276
221195ws
221195
22111970
221094
221080
221079
220973
22091997
22091972
220878
22081973
22081965
220770
22071970
22071969
220694
220682
220679
220675
220674
22061967
22061962
220593
220592
220489
220478
22041972
220379
220377
22032000
220295
220276
22021972
220174
22011969
21436587
214214
21121972
21121968
211193
211180
211089
211077
21101966
210979
210978
21081958
21071998
21071974
21051995
210496
210493
210479
210392
210390
21021969
210175
21012000
2024
201293
201291
201278
201276
201275
201185
20111970
20101974
200987
200985
20091960
20081975
20081972
200786
200774
20071996
20071970
200578
200572
20051998
20051963
20041972
200391
200287
200270
20021972
20021960
200188
200182
200178
20011963
20000
200
291293
291275
29121974
29121971
291184
290992
29091970
29091964
290886
290780
29071969
29071960
290677
29062000
29061967
29061963
290393
290374
29031970
290193
290182
29012901
2888
284655
28462846
2835493
28322832
281276
28121959
28111971
281081
281076
28101971
28101969
28101965
280995
280898
280877
28081964
28081960
280780
2807
280694
28061970
28061968
28051999
280480
280475
280393
280392
280382
28031967
28021968
280173
28011998
28011969
2712
271177
27111971
27101970
27101966
270994
270984
27091972
270882
27081996
270795
270780
270687
27061967
27051973
27041998
27041967
27041962
270378
270376
27031971
27031968
27031966
270270
27021998
27012000
27011997
27011969
267605
2639
26121973
26111998
261091
260981
260979
260972
26091997
26091971
26091966
26081973
26081971
26081968
260794
260792
260777
260776
26071999
26071997
26071971
260682
260674
26061997
260579
260578
260577
260575
260573
260495
260479
26041975
260379
26031996
260287
260273
26021999
260180
26011964
25452545
2522
251292
251281
251273
25121973
251191
251176
25111995
25111994
251082
251074
250991
250980
250976
25081964
250778
250774
25071999
25061972
25061963
250594
25051998
250490
250476
25042000
25041966
250392
25021962
250193
250173
25011970
250000
2498
2449
2427
2425
241272
241176
24111974
24111968
241092
241081
241080
24081970
240791
24071969
240671
24061996
240579
24051972
24041972
24041971
240397
24032000
240295
240194
24011974
23jordan
2378
236236
234432
2341
231271
23121972
23121970
23121960
231195
231194
231174
23111996
23111974
23102310
23101975
23101970
230979
23091998
23091968
23091966
230881
230796
230676
230675
230674
23061970
23061969
23052000
23051999
23051970
23051967
23051962
230471
23041967
230394
230372
230279
230272
23021967
23021961
230181
2278
2269
2243
222999
222666
22223333
22221111
221295
221293
221272
221221
221199
221194
221192
221166
22111996
22111971
22101975
22101965
22091971
220895
220882
220874
22071996
22061973
220591
22051964
220495
220480
220475
22041967
220392
220371
22031998
22021961
220177
22011963
2169
2148
2132
213141
2126
2115
211291
211277
21122012
21121996
21121975
211172
21111998
21111971
21111970
21111965
211094
211090
211078
21101969
210991
210877
210777
210696
210692
210672
210669
21061973
21061963
210594
210592
210576
210571
210378
21031997
21031969
210278
21021971
21011968
2028
2013
20111965
20111958
201095
201093
20101976
20101972
200979
200972
20092010
200893
200777
200694
20061965
20061962
20061961
200595
20051966
20051958
200477
200476
20041967
2004-10-
200381
200377
20031973
20031972
20031968
20031960
20021997
20021963
200192
200179
200175
20012000
2wsx
29202920
29121995
29121965
291177
291081
29101996
290994
290978
29081969
290793
290782
29071999
290690
29061969
290579
29051974
290473
290471
29041970
29041967
29041961
290391
290371
29031962
290272
290179
290171
29011996
2901
281284
281279
281274
28121968
28121962
281178
281177
28111969
281079
28101997
28101994
28101966
28091999
28091971
28091969
280872
28081968
280695
280678
280576
28051960
280495
28041969
28041964
28041959
28031972
280295
280192
28011967
28011963
2770
276115
2728
2723
271280
271172
271169
27101998
27101997
27101969
27091958
270880
27081964
270775
27071956
270678
27051997
27051968
270492
270470
270391
270371
270370
270198
270191
270174
2695
2691
26842684
2668
2667
2665
2652
26429vadim
26351
2622
261280
261279
261276
261175
261174
26111996
261077
26101969
260996
260988
260976
260895
260874
260780
260693
26041997
26041967
260377
2602
260179
26011968
26011963
2581
255225
2539
2527
25222522
2521659
251295
25121963
251193
25112000
25111968
251075
251071
25101966
25101965
25101960
250995
25091997
25091968
25091967
250797
250793
250770
25071962
25061970
250578
250573
250478
250472
250461
25041970
25041967
25041963
250374
25032000
25031969
250295
250277
250275
2502557i
25021971
25021968
25021966
250169
2466
241293
24121972
241180
24111970
241076
241061
24101966
240980
240976
240876
24081996
24081969
24071960
240677
24061997
240581
240567
24051970
240476
240474
24041998
24031997
24031996
24021974
24021971
240180
24011967
24011960
24011959
2377
2363
23562356
2322
2321
231111
231094
231076
23101997
230878
230877
23081967
23071998
230694
230673
230593
230492
230490
230475
23041970
23041966
230385
23031962
230269
230261
23022000
230197
230195
2273
2265
2259
2242
22334
2220
2214
221291
22121972
22121965
221097
221093
221074
22101964
22101961
220995
220976
220975
22091965
22081974
22081972
22071968
220673
22061998
22061966
22061963
22051963
220496
220494
220482
220476
220474
220463
22041998
22041964
220384
220373
22031968
22031960
22021967
220196
2196dc
2145
2141
21232123
212121qaz
2119
211292
211281
211275
21121967
211171
21112000
211079
211074
211073
21101999
21101998
21101974
210976
21092000
21091967
21091966
21081972
21081961
210779
21071972
210677
21061997
21061971
210573
210570
21051971
21051967
210477
210474
210472
21041998
21041996
21041974
21041967
21041960
210375
210374
21021970
21021967
21021966
21021965
2021
20121974
20121968
20121962
201188
201172
201169
20111964
20101996
201000
20091970
200894
20081973
20081963
20072000
20071969
20071966
200678
200677
200593
200575
20052006
200496
200478
20041964
20041963
200396
200393
200374
20032000
20031966
200185
200183
2gether
291276
29121996
291190
291187
291181
291173
291078
29101973
290975
29091999
29091997
29091960
290897
290896
290892
29081998
290794
290772
290695
290678
290674
29061962
290595
290578
29051963
29051959
290492
29042000
290394
290392
290381
29031998
29031964
290280
290195
290194
29011997
281268
28121997
28121969
281187
281169
28111967
281073
28101970
2809
280895
280875
28081971
28081970
280778
280773
28071960
280707
280692
280685
280673
28061961
28051968
28051967
28051966
280481
280464
280396
28031973
28031964
280294
280283
280274
28011999
28011966
2766
2715
271295
271279
271278
27121995
27121969
27121961
271170
27111998
271095
271091
27101973
27101967
270992
270980
270978
270895
270879
27081998
27081972
27081969
27081966
270776
270768
27072000
27071963
27071962
270677
27061970
270572
270475
27041966
270395
270379
270374
270362
270295
270280
27021965
270196
270195
270177
27011998
27011968
267ksyjf
26121997
26121966
261095
26101966
260978
260977
260894
260889
260879
26081967
26081962
260795
260774
26071965
260695
260673
26062000
26061960
2606
260574
260475
26041963
260395
260394
26031968
26031963
260293
26021969
26021966
260181
260175
26011969
2589
2587
258654
2570
2564
2562
2521
251293
251277
25121998
25121969
251173
25111974
25111966
251094
250996
250970
25081999
250794
250775
250771
25071971
25071969
25071964
25071960
25061969
25051967
25051959
250505
250496
250495
25041999
250375
25031967
25031962
25031956
250294
25022000
25021961
250196
250195
250172
25011968
25011965
25011962
25011961
250100
248ujnfk
2477
246890
246824
2465
2456
2453
2433
24111998
241094
24091970
24091968
24091960
240896
24081961
240794
240792
24071973
24071967
240692
240675
24061970
240570
240562
24051961
24041962
240380
24031999
24031998
240294
240275
240197
240179
240173
2359
232232
2313
231294
231273
231178
231177
23111998
23111995
23111958
231077
23101998
230976
230970
230896
230874
230783
230779
23071965
230671
230670
23061996
230596
230595
23051968
230396
230377
23031998
23031969
23031964
23031961
230278
23021965
23021964
230194
23011965
2272
2264
2257
2254
2217
2216
221264
22122212
22121968
22111958
221092
22101969
22101967
22092000
22091969
22091964
22091960
220896
220893
220868
220866
22082000
22081969
22081967
22071960
22061960
22051970
220479
220470
220374
22031969
22031962
220263
22021966
220183
22011956
220022
2187
2183rm
2176
216216
2151
2150
211276
211268
21121965
211174
211112
211082
211081
21101997
21101996
210996
210995
210980
210973
21091968
210881
210878
210876
210794
21071997
21061999
210593
21051969
21051968
21041968
21041966
21041963
210370
21032103
210294
210280
210277
210276
210273
21021956
21011997
21011969
21011966
2052
2031
2025
2014
201295
20121969
201201
201198
201191
20111963
201091
201080
201062
20101997
200994
200978
20091998
20081997
20081964
20081961
20071997
20071963
20071957
200673
20061970
20061967
20061960
200495
200376
20031961
20022003
20021968
20021964
20021962
20011966
20011961
2twins
2enter
2bornot2b
29121998
29121969
291193
291191
291176
29111965
29111963
29101963
290980
29092000
290885
29081971
29081967
290795
290778
29072000
290692
290676
290675
290670
29061970
29061968
290572
290571
29051967
290472
29041997
290384
29031997
29031969
29031961
290177
29011966
288288
281293
281277
281173
281080
28101972
280978
28091965
280896
280874
28081967
28081961
280798
280772
280693
280681
280674
28061998
28061971
28061969
28061966
280573
28051972
28051961
28041967
28041966
280397
280379
28031961
280276
280270
28021960
28021956
280175
28011964
28011961
2800
2791
271296
271277
27122000
27121966
271193
27111996
27111967
27111961
271093
271071
271069
27102710
270995
27092000
27091970
27091969
270897
270793
270770
27071997
27071970
27071965
27071955
270694
270693
270672
270577
27051996
270496
27041969
2704
270394
27031963
27031960
270297
270294
270275
270180
27011962
269269
2669
264264
2628
261397
26121964
261179
26111970
26111966
261096
260992
26091998
260892
260872
26081965
260773
26071966
26071959
260675
26061969
26061968
260572
26051998
26051964
26051963
26051959
260480
260478
260476
26041999
26041960
26041958
260396
26031998
26031961
260296
260294
260277
260270
26021972
26011967
258147
2572
2569
25563o
25522552
2549
2532
2517
251271
25121970
251197
251195
251171
25111970
25111961
251077
251076
25101997
250994
250975
250972
250971
25091998
250870
25082000
25081965
250792
25071968
25071965
25071958
25051996
25051964
25042001
25041968
250395
250378
25031999
25031964
250280
250250
25021967
250178
24lover
2488
2485
2475
245lufpq
243122
241455
241276
24121969
24121968
24121964
241093
24101967
24091961
240880
240875
24081997
240793
240679
240672
24061964
24061960
240595
240593
24052001
240495
24041970
24041966
240394
240371
24031964
24031959
240284
240272
24022000
24021997
24021969
24021963
240172
240162
24012004
24012001
237237
2358
23572357
2347
2331
2328
231274
23121969
231196
23112311
231123
231095
231093
23101995
23101965
230995
23081974
23081964
230795
23071963
23071962
23071961
230693
230678
23061971
23061966
23061960
230581
230576
23051998
23051959
230494
230476
23041973
23041961
230395
230275
230274
23021997
23021960
230178
230171
23011999
23011961
22q04w90e
22742274
2256
2246
2240
2229
222000
221268
22121971
22121969
22121964
221168
221164
22111998
22111967
221095
221070
22101970
22101966
22101960
220991
220967
22091999
22091998
22091968
220795
220766
22071999
22071965
220696
22061975
22061970
22061961
220569
22051997
22051968
22051965
220465
22041971
22041960
22031999
220220
220162
22011965
22011962
2125
2116
211272
211179
21111973
21111967
21111963
210977
21091998
21091969
210895
210894
21081967
210798
210792
210775
210773
21071999
21071967
21071964
210671
21061967
210596
210579
21052105
210478
210475
21041971
21031998
21031963
210286
210179
21012101
21011964
21011962
208208
2030
201274
201269
20121998
201193
20111998
20111969
201070
20101998
20101969
20101968
20101962
201
200995
200980
200974
200890
200865
20081971
20081970
20081966
200796
200772
20071964
20051965
20051964
20051957
200491
20041965
20041889
200392
200378
20031965
20031962
200274
200169
20012002
20011959
200001
2much4u
2i5fDRUV
2big4u
2913
29121997
29121960
291172
29111974
29111969
29111968
29111960
291083
291075
291074
29101970
29101961
290993
290977
290875
29081962
29071958
290693
2906
290575
29051966
29051965
29051961
29051960
290493
290491
29041999
29041960
2904
290372
290292
290276
29021960
290172
290161
29011970
29011959
28infern
287Hf71H
281297
281294
28121972
28121963
281195
281179
28111996
28101975
28101967
28101963
280994
280981
280893
280876
28081999
280779
280776
28071968
28071966
28062000
28061964
280596
280570
280476
28041963
28031998
28022000
28021967
28021955
280177
280174
2763
27262726
2718
271293
271267
27121971
271194
271173
27111995
271077
271074
270964
27091999
27091962
27091959
27081995
2708
27071998
27071968
270707
270679
270673
27062000
270595
270571
27051959
270476
270473
270465
27041999
27041968
27041961
27041960
270393
270368
27031970
270293
270277
27021999
27021963
27021962
27021960
270179
270178
270172
2677
2666
2651
2643
261298
261277
261271
261269
26122000
261195
261194
261170
26111964
26101965
26091967
26081969
26071998
26071962
26071960
260696
260672
26061998
26061964
26041998
260376
260263
26021959
26011997
2597174
2583
2578
2566
255ooo
255555
2550
2523
25212521
2520
2515
25128
251272
25111958
251065
25101967
25101958
25101954
250973
25091969
25091966
25091958
250878
250872
25081998
250796
250795
250676
25061999
25061968
25052505
25041964
250370
25031961
25031960
250281
25021998
25021964
250177
25011966
25011960
25011959
2482
2468013579
2464
241296
241279
24121967
24121966
241199
241073
24102410
24101973
24101969
24101962
24101958
240996
240993
240975
240970
24091997
240773
240771
24071971
24061998
24051967
24051958
24042000
24041997
240396
240372
240367
24031967
24031961
24031957
240280
240279
240277
240276
24021964
24021962
240177
240171
240169
24011965
24011962
240000
2371
2350
2342
23372337
231297
231293
231270
23121967
23121962
231169
231161
23111968
23111964
231072
231067
231064
23101957
230996
230975
23091967
230893
23081966
230774
23068
23061998
23061968
23061964
2305822q
230574
230573
23051969
23051966
23051965
230497
230478
23041968
23032303
23031968
23031965
230295
230175
230169
23011967
23011963
23011960
230023
2299
2292
228822
22856
2279
2270
226622
2263
2250
2241
22362236
223366
223107
2228
2226
221987
22132213
221297
221274
221270
221175
22111968
22111959
221075
220996
220992
220968
220892
220872
220871
220794
220775
220774
220769
220767
22071966
22071963
22061969
220599
220575
220573
22051967
22051961
22051960
220498
220472
220462
22041956
220372
220368
22031997
22031966
220294
22021970
22021963
22021962
220202
220178
220175
220160
22011999
22011958
2200
2133
212212
2121212
212009164
211279
21121969
211192
211175
21111968
211069
211068
21091996
210875
210694
210675
21061966
21061960
210568
21051963
210481
21041962
21041956
210376
210373
210371
21031967
210195
210193
210180
210178
21011967
202202
20121964
20121959
201175
201174
20111997
201075
201073
20091989q
20091966
20091962
200877
20082000
200795
200771
20071999
20071959
200707
20061964
200576
200573
20051969
200492
200474
200472
20041999
20041968
20031967
20031964
200298
200279
200278
200263
20021956
200174
200172
20011965
20011962
20011957
200111
200101
200007
2h0t4me
2dumb2live
29palms
2941
29121967
291195
29111962
291072
290996
290970
290963
29091996
29091968
290893
290878
290874
290872
29081972
29081964
290797
29071968
29071962
29061999
29061964
29061960
290597
29051968
29051962
290495
29041971
29041965
29041963
290375
29031965
290175
29011999
29011998
29011995
29011967
2870
2869
28292829
281273
28121966
281176
281174
281172
281168
28111960
28111958
281094
281093
281078
28102000
28101964
28101959
280980
280977
280975
280969
28091996
28091966
28091959
280867
28081998
28081966
28081962
28081953
280777
280762
28072000
28071996
28071965
280670
28061962
280473
280469
28041997
28041960
280375
280374
28031968
280278
28021964
280178
280176
280172
28012000
2797349
27282728
27272
271292
27121999
27121968
271171
27112000
271060
27102000
27101961
27091964
270892
270876
270875
270874
27081961
270773
270767
27071999
27071964
270674
27061969
27061964
27061962
270596
270564
27051967
27051964
270477
27041997
27031969
270273
27021964
27021957
270199
270176
27011971
27011963
2660
261274
26121969
26121967
261171
26111968
26111965
26111956
261094
261076
26101963
260995
260971
26091958
260898
260891
260880
26081998
26081966
260765
26071964
260698
260694
260651
26061966
26061961
260570
26052000
26051999
26048
26041961
260274
26021998
26021968
26021965
26021960
26021956
260177
260170
26011998
26011962
26011960
25892589
2586
2568
2544
254254
25412541
25362536
2534
2533
2528
2525252
25202520
2519
251297
251269
251265
251251
251200
251194
251175
251174
25111998
25111996
25111967
25111960
251099
251069
25101968
250992
250969
25091999
250894
250866
25081963
25071961
25071959
250694
25061997
25061957
25061954
250569
25051966
25051955
250473
250470
250467
250381
250371
250363
25031963
250274
25021999
250197
250181
250174
250166
25011954
2499
2480
2476
247247
24242
2421
24121963
241194
241161
24111996
24111969
24111964
241075
240973
240961
240899
240871
240870
240868
24081999
24081972
24081966
24081956
240778
24072000
24071970
24071968
24071961
240674
240666
24061966
240576
240575
240571
240563
24051999
24051969
24051962
240475
240469
240464
240366
24031973
240292
24021968
24021960
240176
2389
2354
2351
23342334
23242324
231456
231266
23121995
23121968
23121961
231199
23111997
23111970
23111965
23111962
231078
231073
231069
231068
23101963
23098
230978
230974
230967
230964
23091997
23091965
23091964
230894
23081997
23081960
23071970
23071964
230695
23062002
23061999
23061965
23061963
230493
230376
230368
23031999
23031955
230270
23022302
23021963
23021955
230167
230160
23011962
227227
2261
224455
22121996
22121966
22121961
22121957
221170
22111966
22111961
22111954
221077
221076
221059
22102000
22101962
220969
220961
22091967
220876
22081966
22081962
220797
220772
22071961
220670
22062206
22061999
22061997
22061965
22061964
220597
220576
220567
22051966
220499
220492
220473
22041999
220395
220375
220370
22031967
220271
22021965
22021959
22021955
220199
220172
220171
22011961
2170
2156
2140
212325
2120
2113
21128
21121964
21121963
211197
211196
211168
21111960
211111
21100
21092109
21091965
210774
210768
21072006
21072001
21071966
210707
210689n
210680
21061964
21061962
21061961
210578
210499
21042104
21042000
21041970
210377
21032001
21031959
210295
210291
210272
21022000
21021962
210171
210167
204060
2023
2022958
201272
201199
201195
201173
201170
20111966
20111962
20111960
201067
20101999
20101958
200973
20091967
200895
20081957
200775
200773
200676
20061968
200577
20051962
20051959
20042005
20041966
200395
200264
200166
20011997
20011973
2yKN5cCf
2vRd6
2legit
2hot4you
2hot4me
2boobs
2balls
2991
2975
29622962
2951
29292
291279
291277
29121970
291175
29111964
29111958
29111955
291093
29101964
29092001
290877
29081997
29081970
290773
29071965
29071964
29071963
290594
290593
290570
29051999
29051958
290469
290373
29031967
29031966
29031963
29031960
29022000
2900
28822882
2878
2875
2868
2866
2855
28121996
281166
28101999
280993
28091997
28091968
28091960
280890
28081963
28081958
280795
280774
280763
280697
280672
28061967
280574
280572
280569
280496
280491
280478
280474
28042000
28041968
28041961
28041958
28032000
28031958
280272
28021971
28021959
280197
28011965
28011960
2737
2730
27128
271275
271273
271270
27122005
27121997
271197
271176
271174
27111964
27111962
27111960
27111958
27111957
271097
271079
271075
271068
27101968
270979
270976
27091997
27091960
270873
270869
27081967
270796
270771
27061966
27061960
270576
270573
270568
27051966
27051958
27051957
270498
270478
270474
270468
27041964
27041959
27041956
270399
270396
27031967
27031964
27031962
270287
270271
27022000
27021958
270194
270173
270167
27011965
2654
26262
2613
261292
26121960
261191
261173
26111963
26101997
26101996
26101970
26101960
260975
260970
260965
26091963
26081957
260778
260697
260665
2606642yra
26062001
26058
26051965
260473
260469
26041968
26041962
260397
260372
260371
26031966
26031965
26031964
26031955
26028
260278
260275
26021963
260174
260168
26012001
26011965
26011961
2599
258046
2580258
257257
2559
2558
2557
2529
2513
251276
25122001
25122000
251169
251168
25111999
25111962
25111954
251098
251073
251066
25101970
25101962
250993
250967
250965
25091962
250877
250873
250871
250767
250759
25071998
25071956
250675
25061966
250591
250579
25051997
25051962
25051961
25051960
250493
25041958
25031970
25031966
250276
250273
25021960
250176
250171
25011997
25011964
2500hd
2500aa
2491
24861793
24688642
246801
2462
2454
2441
24282428
2426
2422
241978
241275
241269
241264
241241
24121961
241174
241169
241162
24111963
241097
241095
241066
24101998
240967
24091969
24091964
24091962
24091954
240898
240872
24082408
24081965
24081963
24081958
240795
240776
240770
240769
24071963
240697
240696
240662
24061962
240572
240566
240499
240478
240471
24041999
24041965
24041960
240392
240376
240360
24031968
24031963
240296
240273
240263
24021965
2401pedro
240170
24012000
24011969
24011964
23WKoa0FP78dk
2380
2367
2361
234561
2336
23252325
2319
2316
23121965
23121963
23121958
23118
231170
23112000
23111961
231098
231097
23102001
23101968
23101967
23101961
230993
230968
23091960
230875
23081999
23081998
23081965
23081963
23081962
230797
230768
230767
23071969
23071966
23061997
230597
23058
230570
230567
23051964
23051963
230496
230474
230463
23042304
23041963
23041960
23041958
230381
230369
230367
230363
23031970
23031957
230296
230273
230265
230230
230198
230177
230172
230159
23011964
230101
2282
2281
2278124q
22422242
2238
223355
22224444
221980
221976
221969
221294
221277
221263
22121997
221196
221182
221178
221174
221173
22112000
22111964
22111962
221061
22101971
220997
220894
220873
220863
22081968
220796
220763
220697
220671
220668
22062000
220574
220557
22051998
220497
220454
22041965
22041961
220363
22031961
220296
220274
220268
22021968
220169
219219
2188
2185
2180
2178
2177
2157
213546879
2128
211273
21122001
211194
211169
21111962
2110se
211095
21108
211072
21101962
21101961
210969
21091999
21091997
21091963
21091962
21091959
210896
21088
210873
210872
210862
21082000
21081963
210766
21071968
21071965
210673
210666
21061968
210569
210563
21051966
21051960
210476
210459
21041965
21041964
210372
210369
210365
21031961
210296
21021960
210198
210168
21011959
21011954
2075
201980
20121999
20121963
20121961
20121960
20120
201196
20112000
20101967
20101966
20101964
20101961
20101959
20092000
20091997
20091963
20091961
200899
20081968
20081954
200794
200776
200770
20071961
200698
200697
200672
200668
200661
20062001
20062000
20061998
20061969
200597
20058
200570
20052007
20051999
20051970
20051960
20041997
2004-11-
200394
20031963
200297
200271
20021966
20021965
200195
200190ru
200176
200170
200161
20011958
2wsxxsw2
2wsx4rfv
2times
2short
2letmein
2children
2992
291278
291274
29121961
291194
291180
291170
29111957
291069
29101999
29101968
29101967
29101960
290968
290966
29091967
29091965
29091963
29091959
29091954
290894
29081968
29081966
29081965
290791
290771
290764
29071998
29068
290673
29062001
29061961
29061958
29061956
290596
290566
29052002
29048
29041964
290396
29032001
29032000
29031999
29024
29021964
290166
29011968
29011965
2886
28642864
2864
286286
2854
2820
281990
281296
281295
28128
281272
281260
28121998
28121965
28121957
281196
281193
281170
28112001
28112000
28111998
28111965
281096
280973
280970
28092000
28091998
280894
280871
280858
28081969
28071962
28071959
280676
280664
28061999
28061997
280559
28051964
280456
280367
28031963
280293
280273
28021999
28021969
28021965
28021963
280198
280179
280168
28011959
280102
27912791
2773
2754
2749
2739
2733
2713
271272
27121998
27121965
27121962
27111968
27111956
27111955
271072
271062
27102010
27101964
27101963
270975
270971
270969
270877
27081965
27081963
270766
27071954
270695
270692
27061998
27061971
27061965
270597
270561
27051969
27051965
27051962
270471
27042000
27041963
270398
270372
270361
27032000
27031961
270276
27021968
270197
27011966
27011960
2672
266643
26532653
2621
261988
261979
2615
26132613
261296
261295
26128
261275
261172
261092
261075
261072
261070
261065
26101961
26101959
26101958
260980
260969
26092000
26091999
26091965
26091954
260873
260869
260797
26071961
26071958
260677
26061965
260595
260576
260571
260561
26041965
26041964
260378
260368
26031969
26031956
260268
26021967
260196
260173
260166
258012
25800
2563
2555
2542
2535
2518
251298
251266
25122002
25121968
25121965
25111963
251072
25101999
250998
250974
250966
25092000
25091965
25091964
250874
250868
25081967
25071967
25071966
250695
250678
250624
25062000
25061961
250568
250561
25052000
25051999
2505198
25051968
25051954
250497
250465
25041998
25041962
25041961
250376
250372
250369
250365
250364
250297
250272
25021963
25021959
250161
25011999
25011969
25011967
24gordon
2487
248624
2479
2473
2463
246011
2460
2457
2439
24252425
241974
2419
2418
2415
24132413
241297
241295
241294
241268
24121962
241197
241195
241175
241172
241163
241096
241069
241062
24101963
24101961
24101960
24101954
240974
240971
240969
24091967
24091966
24091965
240867
24081998
2408198
24081968
24081967
24081964
240798
24072001
24071999
24071965
240695
240693
240676
240673
240659
24061965
240596
24052000
240473
240470
24041968
240393
240374
240368
24031966
24031962
24031958
240271
24021967
240175
240168
24012002
24011961
2376
23692369
2365
235555
23542354
2353
23522352
2348
2347172123
2344
23412341
2334
233307
2330
2323232
232222
23212321
2320
231991
23122000
23121999
231193
231171
231168
231163
231075
23101964
23101962
23101956
230969
23091962
23082000
230775
23072000
23071967
230696
23062000
23061956
230569
230498
23048
230473
230466
23041998
23041965
23032000
23031997
23031959
23027
230264
23011968
22tango
2296
2290
22772277
2276
2260
224224
22412241
22352235
222222a
221995
221986
221984
221983
221298
221273
221271
221262
22121963
22121960
221163
221133z
22111997
221101
22108
221073
221062
22101963
22101959
220970
220963
22091963
22091962
220897
220875
220870
220869
220861
22081963
22081960
220773
220771
22071998
22071967
22071964
220698
220695
22061968
220572
220570
220566
22052205
22052001
22052000
22051999
22047
22041962
220398
220396
220369
22032001
22031965
22031959
22031958
220275
220270
22022002
22021999
22021960
22021958
220165
22012000
22011968
2195
2193
2186
2164
2155
2143658709
2143
2139
2137
213456
21142114
211299
211295
211280
21122000
21121970
21121962
211195
211164
21111997
21111966
21111959
21111957
211065
21102000
21101967
21101964
210974
210972
210971
210968
21091961
210870
210869
210776
210772
21071961
210697
210667
21062106
21062000
21061958
21058
210561
21052000
21051965
21051964
21051956
21051955
210497
210473
210468
210467
21041999
210368
210367
21032000
21031999
21031964
210297
210274
210199
210197
210174
210172
210169
210164
21012001
21011963
21011961
21011956
21002100
2099
2086
2079
2069
205gti
2053
2048
20462046
2042
2020202
2019
2018
2012qw
201298
201271
20121967
20121966
20111999
20111967
20111961
20111951
201094
201066
2010201
20101970
200970
200969
2009200
20091999
2008m2009
200897
200874
200870
20082010
2008200
20081965
200800
20071967
200696
20068
200675
200669
20061966
200569
20051967
200498
200470
20041969
20041960
20038
200363
200300
200276
200269
200268
20022009
20022008
20021999
20021959
200199
200177
200171
20011964
2000jeep
2W93jpA4
2sexy4u
2q3w4e5r
2q3w4e
2-Oct
2br02b
2bon2b
2access
2999
2996
2978
296600
2954
2947251
2934
291987
291269
291266
291196
291168
29112000
29111997
29111959
291094
291076
291071
291070
291062
291059
29101969
29101966
29101965
29101957
29101955
29101953
290973
290972
29091962
290870
29082908
29081961
29081957
290770
290672
29061966
29061957
290598
290497
290474
290466
29041966
29041959
29041957
290395
29038
290376
290370
290366
290199
290168
29012001
29011969
29011963
29011958
29011957
29011955
2882
2871
286685
2858
2848
2826
2823
281987
281269
28122005
28121967
281194
28111968
28111962
28111959
281095
281067
281060
28101968
28101962
28101960
280972
28091967
28091963
280873
280869
280864
28082000
28081959
280793
280698
280696
280667
28061960
280595
280594
280571
28052000
28051965
280470
280466
280394
280371
280360
28031969
28031954
280298
280297
28021961
280195
280171
280167
28011958
28011957
2782
2778
2777
2775
2769
27442744
2735
27121958
271198
271196
27112001
27111997
271096
271070
271064
27101959
27101958
270998
270993
270973
27092003
27091998
27091967
27091966
270896
270893
27082002
27081999
270797
270772
270670
27061968
27041958
27031959
27031958
27031956
270170
270166
27012701
27011959
2700
2698
2684
2682
26802680
2674
26622662
2661
2645
2644
2633
2630
2629
261967
261261
26121968
26121962
26121958
26112001
26111969
26111962
26111961
26111960
26111958
26111955
261073
26101968
26101964
260966
260960
260958
26091964
26081964
26081960
26072000
26071968
26071967
26071963
26071953
260669
260662
260654
26061963
26061962
26061957
260565
260562
26051962
26051958
260496
260474
260472
260471
260470
260468
260467
260375
260365
26032002
26032000
26031967
26031962
260272
26022000
26021957
26021949
26011958
26011957
2590
258036
2580147
2567
2547
2543
252252
251299
25121964
25121961
25121960
25121954
251199
251196
25112511
25111969
25111955
251068
25101969
25101959
250999
250968
250958
25092007
25091959
250897
25081961
25081958
25081953
250769
250761
250697
250673
25061965
25061964
25061960
250570
250565
250469
25041965
25041957
250398
250397
25031954
25028
250266
25021965
25021956
250170
250165
25012001
25012000
25011963
25011955
24beers
2489
2470
246969
246813
2467
246642
24622462
245245
2451
2450
2435
2434
2431
241980
2414
241274
241267
24122412
24121960
241170
24111999
241100
24108
241074
24102003
240994
240966
240964
24092000
24091959
240866
240865
24081959
240777
240772
240768
240763
24072004
24071998
24071955
240683
240670
240664
24061961
24061957
24061956
240606
240597
24051968
24051964
24051959
240496
24048
240477
24041967
24041961
24041959
24041958
240400
240375
24037
24031965
240297
24021999
240196
24011998
24011966
24011963
239239
2388
23843dima
2384
238238
23472347
2340
2329
23272327
232123
231995
23152315
231296
23121964
23121957
231175
231173
231160
231159
23111967
231071
23101969
230999
230973
23091961
23081957
23081956
230770
230769
23071960
230667
230666
23062306
23061958
230565
230560
23051961
23042001
23041999
230397
230375
230370
230366
23031963
230267
230263
23022001
23021949
230173
230168
230166
230165
23011959
230000
2293
228363
22692269
2268
226688
2258
225225
2251
2237
2236345
223622
22360679
22342234
22322232
22299
22233
22228888
222223
222222000
222221
2219
22182218
2218
221275
22121959
22121951
22111963
221067
22101998
220971
22091966
22091955
22081961
220798
220762
22072000
22071959
22068
220667
22061953
22051976
22051956
220468
220466
220460
220457
22041963
22041959
220399
220366
220360
22031964
22031956
220299
22021964
220173
220170
22012201
22011967
21952q
2184
2171
21692169
2166
2153
2152
2146
2144
213243
21314151
21202120
21198
2118
2117
211298
211274
211262
21121997
21121966
21121960
211199
211177
211173
211160
21102110
21101959
21099
21091964
21091958
210874
21082001
21081968
21081966
21081964
21081960
210769
210668
21061998
210599
210595
210564
210498
210470
210464
210361
21031965
21031960
210303
21022002
21022001
21021968
21021964
21021961
21021959
210196
210173
21011999
21011965
21011958
21011955
2090
2089
2073
2071
2051
2045
20402040
2033
202122
20162016up
201296
201277
201273
201259
20122000
20121970
20121965
20118
201178
201176
201165
201160
201096
201072
201071
201063
201060
20102007
201010
20100
200999
200975
20091959
200900
200860
20081967
20081960
20081953
200799
200764
20071962
20071960
200666
200665
200659
20062007
20061963
200600
200596
200574d
200479
200473
200471
200468
200462
20041998
20041962
20041959
20041950
20031959
20031955
200299
200293
20028
200266
20021958
2002111
200210
200202
200168
20011960
2000000
2smart4u
2pacshakur
2dogs
2cute4u
2bears
29922992
29912991
2970
2968
2964
2961
2960
2958
2955
2953
2936
2930
2926
2919
291273
291265
29121968
29121959
29121955
291199
291169
291166
29111961
291098
291097
291096
291073
291061
290971
290961
29092002
29091958
29091951
290895
290876
290871
29082000
29081958
29078
290774
290767
29071966
29071961
290699
290698
290696
290671
29061953
29058
290573
290567
29051957
29051955
29051953
290496
290468
290462
29042904
290368
290365
29022008
29021968
290176
290174
290170
290164
290160
29011956
28912891
2877
2876
285485
285285
284968
2843
284063
2833004
28282
281985
2815
2814
281261
28121999
28121956
281171
28111955
28108
281075
28102810
28101956
280965
280962
28091964
28091958
280907
280870
28081954
28081952
280796
280770
28071998
28071963
28071953
280668
280666
280560
28051959
28051958
28051955
280498
280497
280494
280471
28041956
28041955
280361
28031962
28031957
280303
280275
28022001
28021957
280196
280163
28012001
2796
2787
2774
2767
2758
2757
2729
2725
271987
271299
271281
271276
271268
271256
27122003
27121963
27121952
271167
271160
27111969
27111966
27111965
271078
271001
270977
270974
270972
270966
27091961
27091955
270871
270866
270860
27082001
27081953
270799
270769
270757
270665
270574
270570
27052000
270472
27042002
27042001
270377
270367
270363
27032001
270274
270272
27021959
27021956
27021955
27011964
27011961
27011957
2690
2681
266666
266266
2653
2650
263739
262728
261996
2616
261294
261259
26122002
26121965
26121963
26121961
26121959
26121951
261198
26117
261169
261168
261167
261162
261158
26112002
26112000
26111967
26111959
261074
261069
261068
26101967
26101957
260974
260967
260868
260867
26082000
26081963
26081961
26081959
260771
260770
260769
26068
260671
260667
260663
26061999
26061958
260569
260567
260564
260560
26051960
260461
260459
260370
26032001
26031958
26031957
260299
260269
26012002
25tolife
2592
258852258
2588
25845
25832583
25822582
2580852
2579
2577
2574
25692569
255ooooo
2556
25544
2553
2548
25451a
2545
2540
2533162
25292529
252903
252
25197
25162516
2516
251296
251294
25121962
251167
251164
251159
25111965
25111957
251111
251070
25102006
25102000
250964
250961
25091960
25082007
25081959
25081951
250772
25077
250766
25071963
250698
250696
250670
250669
250659
25061998
250596
250572
250566
250562
250560
25052009
25051970
25051963
250500
25041959
250368
250356
25032001
25031958
25031952
250303
250293
250269
250268
25022001
250199
250168
250162
25002500
24hour
2495
248163264
2478
2471
246802
2461
2458
24552455
2438
2437
243243
2430
2429
2428
24262426
24202420
24162416
241299
241273
241266
241263
241255
241203
241166
24112000
24111966
241064
241063
24101999
240968
24092002
24091958
240897
240895
240874
240862
24082000
240797
240774
240767
240766
24068
240669
24062000
24061963
24061959
240565
24051960
240500
240472
240468
240460
240459
240404
240274
240269
240261
24021961
24021952
24011956
2398
2397
2393
2390
2387
2360
235623
23552355
235200
2352
2348TYty
23462346
234556
2343
2339
233445
23232323q
232
231996
231990
231987
231983
2318
2317
231423
23132313
231277
231268
231267
23121966
231164
231070
23101960
23101959
23101958
23092000
23091959
23091958
23091957
230900
230872
230871
230865
23071989a
23071957
230697
230672
230663
23061962
23061961
230600
230572
230566
230467
230462
23032001
23031958
23031953
230297
230266
23021956
230163
230155
23012004
23012000
22red22
22ffkeij
2295
229229
228899
228228228
2279428
2267137151
22558899
22558800
225533
22482248
223333
222322
2222333344445555
221991
221990
221989
221985
221322
22128
221267
221222
22121967
221206
22113
22111957
221063
22101968
22101955
22091961
220907
220867
22082001
220799
22078
22077
22071958
220699
220669
220666
220665
220663
22061959
22061957
220568
220561
220555
22052002
220464
22038
220364
220355
220297
22028
220273
22022000
22011959
2199
2197
2190
21812181
2179
2173
2165
2163
2161
215215
21422142
2138
2136
21222324
212121sex
211983
211270
211267
21121954
211198
211159
21111961
211070
21107
21101958
21101957
21101954
210967
210961
210957
21092001
21091960
210898
210893
21082108
210797
21078
210771
21071958
210698
21062001
210598
210566
21051999
21051962
21051958
210471
210469
210462
210461
210359
21031962
21031958
210275
21021950
210211
210165
210162
210159
21011960
210
2098
2097
20932093
2088
2080
20652065
2056
2054
2050
2039
20302030
20222022
201990
20132013
20129
201266
20121955
201197
201168
201163
201161
20111957
20108
201069
201068
201065
201057
20102002
200996
200966
20091956
200896
200873
20081999
200769
200757
20071965
20071952
200700
200695
200660
20061999
200574
200565
200564
200555
20051951
200507
200500
200469
200467
200461
20041961
20041957
20041956
20041955
200400
200398
200372
200370
200368
200366
200365
20032001
20031958
20031957
200265
20022000
20021955
20021952
200201
20020
200194
200167
200165
20012008
20012004
2001200
20011999
2000char
2timer
2tight
2slick4u
2seams4u
2nipples
2insider
2hearts
2guard
2ewq1
2dollars
2cool
2beornot
2b1ind2c
2974
2959446
2925
2921
291298
291295
291272
291268
291259
29122000
29121963
29121962
29121957
291197
291174
291161
29111967
29111953
291066
291065
291064
29101998
29101959
29101956
290997
290969
290962
29091966
29088
290866
290862
290858
29082001
29081960
290762
29071957
29071954
29071952
290665
290662
290599
290577
290568
290561
29052001
29051964
290461
29042002
29041954
290378
290361
290360
29031956
290264
29021952
2902
290197
29011964
29011960
29011953
28ttqaq
2899
2897
2892
2857
2827
2821
28198
2816
2813
281299
28121961
281206
281204
28118
281162
28111963
28111956
281111
28110
281074
281070
28107
281069
28102006
28101953
28101952
28091962
28091961
280866
28081957
280775
280771
280768
280766
280765
28071967
28071958
28071956
28071955
280662
28062001
28061965
28061963
280568
280563
28051998
28051963
28051956
28051952
280472
280467
280465
280460
28041999
28041957
28040
280373
280366
28032001
28031999
28031965
28031959
280296
280271
280266
280263
28021962
280170
280159
28011951
2799
279279
2788
277rte87hryloitru
2771
2756
2750
2746685
2736
2719
271297
271274
271263
27121956
271199
271175
271168
271155
27111963
271076
271066
2710198
27101965
27101962
270997
270970
270960
27091963
27082000
27081962
27081960
270798
270774
270765
270760
27071966
27071959
270698
270667
27061961
27058
270566
270562
270497
270467
270464
27042009
270366
270360
27031965
270269
270267
270265
270261
270175
270171
270168
270162
270156
27011954
27011952
2687
2685
2659
2636
2635
2623020
26222622
261986
261297
261273
261268
261200
261197
261176
261166
261160
26112611
26111999
26111954
261071
261063
261061
261056
26101999
26101956
26101954
260993
260964
260963
26091962
26091960
260896
260876
260870
260865
260864
260855
26081956
260796
26071987m
26071957
260666
260660
26061954
260597
260568
260566
26052007
26052001
26051966
26051961
26051957
26042002
26041959
260399
260369
260363
26031960
26031959
26031953
260297
26021961
26021955
260197
260195
260171
26012010
26011953
260000
25or624
2594
2591
2585
25844125
258369147
258079
2580369
258013
2576
2571
2565
25632563
25502550
25456585
2538
253425
25242524
252025
251995
251992
251987
251982
25198
25152515
251268
251260
251258
25121967
25121959
25121955
25118
251172
25111959
251106
25110
25107
251063
251062
25102001
251000
250997
25092001
25091963
25091955
250899
250898
2507905048
25078
250764
250763
250762
25072002
25072001
25071955
25068
250674
250671
2506198
25061962
25061958
250567
250559
25052002
25051958
25051950
25049
250475
250471
250468
250466
250399
25038
250355
250308
250298
25011948
24992499
24842484
2483
2481
24802480
2474
246888
246812
246789
2454240
243546
2432
2424242
2420
241971
241963
2417
2413
241270
24122004
24121959
24121958
24121954
241171
241168
241167
24112411
24112001
24111997
24111960
24111959
24111956
241070
241068
241065
24102001
24101956
240972
240965
240954
24091963
24091956
240856
24081962
240799
24072002
24071966
24071962
240703
240700
240660
24061958
240564
24052002
24051998
24051965
24042003
240373
240370
240361
2403082
240298
240268
240267
240266
240257
24022402
24021959
24021958
240199
240156
24011950
239133
23802380
237241
2370
23682368
2368
2354381
234678
234589
234548
23352335
2335
23267601
23262326
231982
231976
231965
231298
23128
231265
231263
231260
231256
23122008
231167
231158
23112007
2311198
23111957
23111956
23102007
23101966
230959
23091999
23091963
23091956
23091954
230895
230873
230870
230867
230866
230860
230850
230798
230755
23071999
23071955
230661
23062006
23061967
23061954
230561
23052003
23051960
23051900
230505
230495
230468
230456
230454
23041962
230398
230371
230362
230359
23031960
230303
230250
23021959
23021958
230199
230174
230156
23011952
230103
2297
2289
22882
22872287
22752275
2271
22622262
225577
225566
22532253
22512251
2244668800
2239
223300
2231
22302230
22292229
222333444
222324
22232223
2222223
221982
22198
221963
221941
221433
221296
221269
221261
221258
221255
22122002
2212198
221198
22118
221169
221167
221159
22112003
22111965
22111953
221092o
22107
221069
221066
22101999
22101954
22101953
22092007
22092002
22091958
220856
22082208
22082003
22081999
22081964
22081959
22081956
220808
22071962
220700
22067
220661
220660
22062001
22061951
220571
220559
22051957
22051955
22051954
22051952
220471
220469
22041955
220400
22032203
22031955
220302
220269
220267
220264
220260
220259
22022202
220222
22022001
22021956
220205
220197
220167
22012001
21qazx
2198
21937
2174
217217
2159
215455
21382138
213546
21342134
21324354
21292129
212222
212136
211991
211987
211297
211266
211265
21121961
21121
21118
211170
211166
211158
21112
21111999
211096
21101965
21101960
210994
210970
210963
210897
210866
210860
210857
210765
21071962
21071956
21071955
21070
21067
210661
21061965
21061959
210597
210557
21051953
210404
21037
210366
210363
210362
210354
21031957
21031956
21031954
210269
210261
21021963
21021958
21021955
210200
21019
210170
21012003
21011952
21011
210101
20seats
2084
207207
2072
2065
2059
2058
2038
2037
2035
2027
2026
202021
202020a
202010
20201
202
201994
201984
2017
20128
20127
201262
201255
20121997
20112001
20111959
201074
201058
20102010ss
20101963
20101960
20101956
20098
2009198
20091955
200872
200864
200863
20081958
200808
200805
200798
200762
200761
200674
200670
200664
20061957
200599
200598
200594
200567
200561
20052008
20052003
20051961
20051955
20051953
200465
200464
200455
20042008
20041958
200373
200369
200360
200359
200353
20032004
20031999
200255
200251
20021954
200197
200153
200010
