696969
666666
654321
6969
69696969
6666
666999
66666666
66666
65432
6751520
666777
636363
609609609
656565
6666666
676767
654123
686868
646464
655321
69696
616161
626262
635241
606060
654654
6996
66613666
69camaro
6789
6669
666333
6661313
651550
6uldv8
666555
630112
615243
666666666
6543210
6464
665544
699669
6767
6565
69213124
67camaro
622521
666666a
654321a
67890
65656565
654321q
61586158
6363
68camaro
6262
6060
6977
6942
6666666666
666
654987
6288
6string
69a20a
6868
654456
6CHiD8
69966996
667788
678678
669966
6661
62717315
616913
6bjVPe
666666q
666111
619619
6161
686xqxfg
666888
69dude
640xwfkv
666000
6591
6275
6988
67676767
666425
654654654
6453
6000
6911
669E53E1
6667
66669999
66221
6458zn7a
6319
625vrobg
6Xe8J2z4
697769
6820055
6677
666999666
6666667
654852
654789
616879
6031769
6012
600000
6jhwMqkU
682regkh
678910
66699
651960
64646464
63636363
6345789
6339cndh
62626262
6226
6060842
6900
6869
68686868
678901
6768
667766
666420
6543
60606
69er
6975
69420
690000
66chevy
666satan
6662
6660
65pjv22
6463
6264
61808861
6116
6987
6969696
687887
6874
6846kg3r
67stang
67390436
66996699
6699
666222
665566
6655
665259
6633
66005918
65mustan
6556
64256425
6424
6279
6263
6169
6gcf636i
69pussy
6999
6970
6942987
6913
68stang
67vette
6769
666444
6650
663366
6573
654321z
6532
6485
645202
6440
636322
628628
6218
611611
6070
6061
6011
6001
6yhn7ujm
6inches
6997
6963
6943
6910
686686
6833
6741314
671fsa75yt
6688
6663
6644
6600
6575
65656
650000
6500
64chevy
6375
6369
6364
636332
6266
6215mila6215
6043dkf
69stang
69chevy
6974
696977
691111
690069
6891
6886
6811
67chevy
67975502
67899876
67896789
6776
6711
668899
66776677
667667
6668
66667777
6665
666123
6657684
6656
6628
6622
6596
6574
6555
6554
6541
6537
6510
6469
6351
6336
62826282
62336233
6198
6165
61386138
612345
6121
6105
600600
6y7u8i
699999
6981
6973
69716971
696696
6944
69426942
691702z
6896
68916891
67mustan
6771
66mustan
6698
66778899
666xxx
666hell
666666s
66613
6612
65impala
6588
6566
6546
6487
64546454
6443
6425
635csi
6312
6309
6280
626626
62432770
620620
6162
6146
613613
6110
6101988
69pass
69mustan
6980
6971
69691
6966
6932
6928
6912
6902
6861
6844305
6819
6781
6777
676869
6765
675675675a
673108090
66mustang
6678176
6675
666devil
66696669
66677
6660666
6655321
6651
6636
662662
6606025
65mustang
6572
6571
655005
6543211
654312
65412
6533
6512
6462
6454
6449494
6416
6411
6370869
6357
63206320
6307
62vette
6294
6272
6255
6252
6248
6235
6233
623000
6215
6204
6189
61616161
6120
6119
6117
6055
6strings
6serv9
6BC8A365
69sex69
69love
69erin
69bronco
69886988
6985
6978
6972
6969696969
6968
695847
693693
6929
691969
6903
68iypNeg6U
68chevy
6890
6872
6871
6835acdi
67ford
6780
6779
6773
6746828
6722
6713562
66stang
6696
6673
6671
66706670
6667370
66668888
666667
666666z
6666661
666661
66554433
661944
6615
6611960
660066
658346
6569
6567
65458845
6545
6523
6519
6504
6501
6496
6482
646646
6461
6449
6436
6422
6420
6412
6410
6400
63chevy
6390780
6378351
636963
636234
6345
63366336
63286328
632632
6325
6322
6311
6300
629334
6292
62896289
6286
6282
6271
6246
6234
6196
6182
6181
6177
6160
615615
6155
61536153
6151
6137
6123
6122
6114
6108225
6103
609609
6095586
6030
6028
6022
6019
6018
601601
6013
6009
6002432
