88888888
888888
87654321
8675309
852456
8888
898989
88888
8J4yE3Uz
8888888
878787
81fukkc
818181
868686
858585
8989
875421
852852
888999
808080
848484
8inches
8765432
852258
895623
8888888888
828282
85208520
837519
890098890
823762
885522
8PHroWZ622
8899
852963
8520
890890
8PHroWZ624
89898989
8585
89600506779
8787
89015173454
852654
8balls
8ball
876543
8762
8484
8181
8DiHC6
838383
89231243658s
852147
852741
852123
82468246
889988
87t5hdf
85245
8282
811pahc
88keys
863abgsg
808state
8008
8WoMys
8765
80070633pc
87878787
8letters
87654
8318131
8UiazP
89172735872
88889999
88351132
86mets
86753099
8543852
8512
81726354
800800
89211375759
889900
88002000600
852369
842105
83y6pV
8902792
888111
8669
808808
890098
8889
8848
878kckxy
86868686
867530
85928592
84268426
824655
8XUuoBE4
8VjzuS
8928190a
888555
8823
8686
8651
85852008
80637852730
8i9o0p
888888888
888777
8884
87e5nclizry
8546404
85200258
84848484
8426
8383
8363eddy
8266
8111
80988218126
80088008
800500
8vfhnf
89876065093rax
88998899
887788
880888
8778
87654321q
870621345
87062134
85218521
8481068
8302
8123
88mike
88887777
887766
8855
8822
880088
8788
86chevyx
8642
8633
85bears
85858585
8456
8454
8421
8244
8215
8096468644q
8088
80808080
8055
801010
8995
8969
8910
89032073168
8900
888889
8885
8877
8811
8807031
8800
8687
8668
8541
8538622
8523
8521
8520456
82828282
824358553
8218yxfz
8seconds
89semtsriuty
8998
899445527
89614774181
8937
89132664230
89063032220m
8869
8863
87654321vv
8756
872rlcfo
8616
8555
8522003
852000
84878487
8487
8428ld
826248s
8255
8231
8228
813813
8090
8971
89586
89181502334
890iop
89057003343
8904
890123
8892
8891xel
8891
888666
88552200
8840
881988
8777
876876
8753
86248624
8591
858888
8554
85258525
8525
8495
8486
84488448
8400
8252
8246
8216
8202
81818181
8125
80camaro
80972694711
80808
8080
803803
80361665abc
8ball8
8997
89898
8950
8932060
890890890
8905
89023346574
8898
88888888q
888333
888222
8866
88488848
8810
87stang
87898789
8769
8758
875643
8733
8722
8704
8590
8583737
852852852
852741963
850912
8489
848711
848586
8475
8411
840840
8316
8311
82dabn
828828
8263
82465
8232490
8217
8215010
8190
8184
8137
8134
8127
810199
8086
8082
8050
8024
8011
80085
800000
8yssrcxt
8ikjhy7u
89857
8982
89658965
89128830153
89055521933
890000
88ford
88dan88
88888888d
888444
8872
8856343
8851
8841
8816
881488
8766
8765436
8731
8723
87158715
870498
8691
8679
86753091
86753
8666
8654
86428642
86400
8589
8587
8563
855200
8531
8515
8492
8482
8472
8433
8410
8388
8384
837291
8362
8295
8284
8280
82517
8251
82466428
8245
8230
8222
8186
8183
8161
812812
8128
8118
80lt80lt
80990606390
80969260620
80966095182z
8091
8089
80679047880
80672091913
80663635606
80633459472qw
8041982
800620
