987654321
987654
999999
98765432
9999
9379992
99999999
999999999
951753
911911
909090
99999
98765
987456
906090
963852
9876543210
989898
963852741
9999999
987987
9876
969696
90210
987456321
9562876
998877
9293709b13
9876543
987123
987321
999666
9999999999
996633
963963
951357
963258
918273
999888
902100
999000
99762000
986532
918273645
9111961
987654321a
919191
9874123
963258741
911turbo
987789
9090
959595
90909
9898
9696
999111
987654321q
979797
929292
999777
939393
963369
951951
911111
9000
90909090
9111
987412365
96969696
968574
9669
96385274
951159
98989898
98745632
976431
963741
99887766
999333
9452
9inches
9191
999111999q
9788960
9638v
9801
95175
9292
90125
900000
9990
989244342a
9797
9sKw5g
9988aa
996699
987987987
98741236
9119
9991
9899
96321478
99941
998899
975310
97531
911911911
999998
9969
98769876
9632147
999888777
9981
990099
951753852
9379992a
9988
995511
987410
9711
963214785
949494
908070
9noize9
9lives
9KYQ6FGe
987654321z
94RWPe
93Pn75
92702689
9989
98798798
9811020
9595
944turbo
9379992q
926337
9009
9930
9800
963147
9494
9110
9Z5ve9rrcZ
9ball
999666333
9955
9837
9638527410
963214
9393
9333
91919191
9085603566
9051945
9004
9HMLpyJD
99ford
9988776655
9966
9933162
98766789
987654123
98745
9874
9821
9691
963210
9556035
9293709
9288
9141
91328378
9124852
9085084232
902101
9012
900900
99ranger
999999999999
999555
98xa29
989989
987654321g
9875321
97979797
96ford
9632
9311
9310002
92856
9199
9173
917190qq
911119
9Hotpoin
99strenght
99669966
9953RB
9871
985632
98256518
96328i
96206
9598
951623
9512369
9347167
929370913
9222
911rsr
9104587
9103
90609
901234
9007
9001668
9001
9ujhashj
9otr4pVs
9i8u7y6t
997755
9916
9911
9900
98stang
9891
987qwe
9874563210
987321654
9856
98219821
97ford
9791
9731553197
966966
96385
96321
95jeep
9550
9517883
951236
9512
9498
93939393
9375
93664546
9231wcf
91929394
91827364
9121
91191
911112
9107
9105425888
909909
907629
9035768
9021090210
9021
9008
99999999999
999991
99991111
999222
9970
9948xx
98cobra
98989
988988
9875
98741
9865
9853
976976
9665
9663
963741852
9632145
9559
9527473q
951951951
951753852456
9510
9471
9448
9392
933084
92k2cizCdP
9298
928928
92631043
9250986
9226
92129212
9200
9192
9166
912345
9123
9115
91129112
90proof
9095
9088
9070
9050
9inchnai
9incher
9fingers
9dragons
99harley
99999a
99990000
9994
99899989
996969
9965
9949
9934
9933
9915
991199
98919891
988776
98789878
987654a
987654321w
987654321d
9848xx
9823
9812
9789
96randall
969
9654
9652
9611
9609367
95altima
95959595
9563
9525
951753a
9514
9512357
9511
9394
9360
93399339
9339
93339333
9303
9295
9283
927927
9248
9234
9211
919293
9191403
9151
9149
91199119
911777
9112
9110024
910910
9101989
9099
909000
902860
9022
9016
